0.983907
0.979443
0.978448
0.974452
0.958218
0.944163
0.941473
0.926847
0.923595
0.919715
0.918975
0.907670
0.907567
0.904255
0.902588
0.902351
0.900212
0.894289
0.893855
0.888888
0.888421
0.886667
0.884348
0.884022
0.882256
0.882169
0.871975
0.871654
0.865149
0.863317
0.861563
0.861423
0.858146
0.856286
0.849652
0.848010
0.845717
0.842520
0.833179
0.830108
0.825674
0.817026
0.814020
0.808734
0.805248
0.801014
0.800929
0.797020
0.793734
0.793160
0.792106
0.782504
0.777900
0.772153
0.769946
0.768431
0.762842
0.762029
0.758505
0.757574
0.757482
0.754127
0.751595
0.747782
0.746330
0.742325
0.741518
0.741452
0.740276
0.737783
0.736513
0.735627
0.731102
0.730069
0.730048
0.728998
0.721533
0.720365
0.713346
0.707035
0.706605
0.706062
0.703157
0.697675
0.696789
0.685677
0.685171
0.685053
0.684289
0.681591
0.678569
0.675894
0.672547
0.660225
0.658242
0.658061
0.650392
0.649053
0.645978
0.645110
0.643898
0.641685
0.640221
0.640016
0.637910
0.636556
0.633352
0.633222
0.628630
0.628590
0.623986
0.621857
0.619434
0.619166
0.616998
0.616992
0.615871
0.614868
0.613322
0.612144
0.610572
0.609637
0.607673
0.607323
0.604892
0.604544
0.604508
0.603849
0.601912
0.600656
0.597486
0.595962
0.595222
0.593309
0.591827
0.590686
0.588535
0.586365
0.583671
0.582807
0.582257
0.580237
0.576522
0.575842
0.575434
0.574307
0.573045
0.571358
0.570304
0.567417
0.565641
0.564978
0.564396
0.562146
0.554644
0.554101
0.552394
0.550367
0.549331
0.549154
0.549129
0.546333
0.543833
0.542584
0.542438
0.541992
0.538308
0.533797
0.532905
0.530460
0.529741
0.528522
0.528477
0.528188
0.527024
0.526781
0.523815
0.523348
0.517552
0.516624
0.513706
0.513639
0.511882
0.511242
0.510879
0.509632
0.508991
0.507623
0.503971
0.502351
0.498951
0.498822
0.498700
0.498534
0.497982
0.497471
0.495194
0.493990
0.492345
0.491914
0.490526
0.489730
0.487864
0.487165
0.486834
0.486668
0.485255
0.482969
0.482107
0.482075
0.482033
0.481462
0.481251
0.481242
0.478688
0.474502
0.473757
0.473119
0.470133
0.468974
0.467719
0.464539
0.463989
0.460858
0.456977
0.455384
0.454741
0.452760
0.452356
0.450694
0.449381
0.448462
0.444027
0.442431
0.440594
0.438423
0.437555
0.437136
0.436994
0.436235
0.434907
0.434256
0.434021
0.433950
0.433610
0.433562
0.433278
0.429232
0.422827
0.420272
0.419952
0.419459
0.418870
0.418257
0.417408
0.416433
0.414894
0.413131
0.412710
0.410765
0.410715
0.406914
0.406566
0.406452
0.404552
0.403355
0.403001
0.401008
0.400839
0.399918
0.396582
0.394343
0.393453
0.392675
0.392038
0.388144
0.385757
0.378460
0.376378
0.375392
0.375158
0.372730
0.372711
0.371971
0.371311
0.370635
0.369098
0.368913
0.367015
0.366193
0.364892
0.364797
0.363535
0.362124
0.361863
0.361273
0.356393
0.352840
0.346244
0.345228
0.344705
0.343891
0.343188
0.342624
0.342435
0.340563
0.339749
0.336908
0.336041
0.334080
0.332977
0.332722
0.329844
0.329140
0.327080
0.324957
0.322804
0.321431
0.319443
0.319358
0.317661
0.316297
0.315534
0.311790
0.311424
0.310339
0.308268
0.307691
0.307677
0.306980
0.306928
0.306631
0.305408
0.302906
0.302729
0.301892
0.301813
0.301638
0.300193
0.299847
0.299764
0.297446
0.296031
0.294117
0.293344
0.292499
0.291985
0.291216
0.290224
0.290028
0.289778
0.287335
0.284323
0.283191
0.282985
0.282111
0.281797
0.281586
0.281359
0.280441
0.279689
0.279087
0.275847
0.275843
0.275773
0.275545
0.274628
0.274509
0.273587
0.273536
0.272530
0.272307
0.272272
0.272047
0.271452
0.270904
0.270678
0.269608
0.267208
0.265606
0.262474
0.261614
0.261389
0.261332
0.260437
0.259397
0.259049
0.256771
0.255830
0.255305
0.253897
0.251951
0.251391
0.250844
0.250778
0.250694
0.250143
0.248875
0.248293
0.247480
0.246759
0.245739
0.245689
0.244733
0.242771
0.241512
0.240782
0.240002
0.239288
0.238152
0.237115
0.236707
0.236279
0.236207
0.235064
0.234484
0.234244
0.234064
0.233763
0.233595
0.233190
0.233170
0.232509
0.231728
0.231709
0.229673
0.227815
0.225881
0.225052
0.224822
0.224321
0.223454
0.223150
0.222153
0.217943
0.217272
0.216119
0.214837
0.214270
0.214082
0.213875
0.213461
0.213092
0.212821
0.212698
0.212203
0.212033
0.211609
0.209809
0.209768
0.209578
0.206673
0.206476
0.205107
0.204657
0.204599
0.204216
0.203809
0.203528
0.202893
0.202507
0.201912
0.201851
0.201429
0.199717
0.198440
0.198377
0.197713
0.197416
0.197045
0.196766
0.196360
0.195113
0.194631
0.194550
0.194530
0.194282
0.193930
0.193719
0.193206
0.192078
0.191934
0.191852
0.191465
0.191374
0.190581
0.190021
0.189983
0.189235
0.188631
0.187948
0.187140
0.186747
0.185851
0.185405
0.184533
0.184368
0.184283
0.183761
0.183532
0.182879
0.182509
0.182236
0.180673
0.180506
0.180112
0.180023
0.180010
0.179631
0.179310
0.178979
0.178833
0.178507
0.178396
0.178222
0.178064
0.177919
0.177751
0.177609
0.177114
0.176041
0.175569
0.174311
0.174030
0.173905
0.173813
0.173626
0.173587
0.173359
0.173189
0.172691
0.172535
0.172425
0.172067
0.171746
0.171744
0.171611
0.171230
0.170209
0.168998
0.168781
0.168735
0.168428
0.168174
0.168116
0.167875
0.167751
0.167525
0.166574
0.165405
0.165387
0.164901
0.164496
0.164066
0.163804
0.163375
0.163277
0.163156
0.162341
0.162082
0.161973
0.161783
0.161380
0.161212
0.161052
0.160336
0.159573
0.159275
0.159047
0.158991
0.158813
0.158185
0.157834
0.157607
0.157493
0.157369
0.156651
0.155576
0.155068
0.154651
0.154061
0.154033
0.153653
0.153103
0.152454
0.152211
0.150686
0.149680
0.149207
0.148780
0.148662
0.147962
0.147112
0.146963
0.146760
0.146325
0.146251
0.145472
0.145457
0.145427
0.145166
0.143887
0.143780
0.143204
0.143198
0.142267
0.141850
0.141841
0.141765
0.141617
0.141121
0.140910
0.140667
0.139878
0.139877
0.139726
0.139529
0.139429
0.138814
0.138344
0.138170
0.137667
0.137354
0.137071
0.136591
0.136266
0.136257
0.136011
0.135222
0.134860
0.134833
0.134713
0.134706
0.132593
0.132203
0.132015
0.131551
0.131323
0.130710
0.130599
0.130223
0.129679
0.129058
0.128851
0.128704
0.128418
0.128091
0.127241
0.127211
0.126988
0.126637
0.126549
0.126534
0.126015
0.125864
0.124480
0.123513
0.123504
0.123349
0.123228
0.123056
0.123034
0.122208
0.121800
0.121405
0.121365
0.121281
0.120822
0.120443
0.119915
0.119863
0.119849
0.119749
0.119096
0.118946
0.118761
0.118437
0.118360
0.117938
0.117548
0.117089
0.116953
0.116888
0.116677
0.116633
0.116523
0.115588
0.115531
0.115168
0.114949
0.114564
0.114418
0.114172
0.113942
0.113330
0.112366
0.111701
0.111327
0.110894
0.110722
0.110273
0.110181
0.110048
0.110028
0.109381
0.108662
0.108535
0.108340
0.107644
0.107562
0.107424
0.107290
0.106590
0.106472
0.106042
0.105489
0.105245
0.105017
0.104847
0.104778
0.104715
0.103155
0.103008
0.102789
0.102444
0.102049
0.102039
0.101843
0.101426
0.101394
0.101388
0.101319
0.101266
0.101239
0.101113
0.101013
0.100920
0.099856
0.099786
0.099487
0.099456
0.099275
0.099013
0.098648
0.098426
0.097967
0.097932
0.096881
0.096783
0.096779
0.096508
0.096183
0.096075
0.095728
0.095678
0.095562
0.095491
0.095209
0.094837
0.094500
0.094010
0.093804
0.093302
0.093208
0.093161
0.093090
0.092748
0.092670
0.092225
0.092101
0.091962
0.091934
0.091256
0.090728
0.090661
0.090189
0.089872
0.089334
0.088596
0.088421
0.087987
0.087714
0.087465
0.087107
0.086882
0.086552
0.086546
0.086334
0.085695
0.085243
0.085241
0.085224
0.085084
0.085008
0.084809
0.083611
0.083379
0.083379
0.083154
0.082346
0.082038
0.081461
0.081280
0.081249
0.081116
0.080904
0.080703
0.080598
0.080590
0.080430
0.080405
0.080140
0.080119
0.079971
0.079843
0.079762
0.079018
0.078758
0.078598
0.078227
0.078073
0.078069
0.077747
0.077728
0.077480
0.077263
0.076761
0.076622
0.075389
0.075216
0.075136
0.074942
0.074817
0.074817
0.074484
0.074251
0.074125
0.074072
0.073980
0.073961
0.073872
0.073717
0.073201
0.073187
0.072976
0.072710
0.072610
0.072455
0.072255
0.072250
0.072198
0.072019
0.071980
0.071589
0.071425
0.071373
0.071055
0.070544
0.070465
0.070459
0.070234
0.069766
0.069749
0.069543
0.069153
0.069001
0.068377
0.068107
0.067645
0.067394
0.067288
0.067279
0.067261
0.067069
0.066968
0.066610
0.066592
0.065838
0.065729
0.065366
0.065331
0.064831
0.064486
0.064482
0.064295
0.064106
0.064031
0.063500
0.063450
0.063353
0.062793
0.062774
0.062693
0.062190
0.061613
0.061604
0.061452
0.060808
0.060623
0.060400
0.060379
0.060377
0.060187
0.060077
0.060011
0.059994
0.059910
0.059573
0.059524
0.059449
0.059240
0.059061
0.058788
0.058549
0.058510
0.058509
0.058403
0.058369
0.058236
0.058188
0.058173
0.058133
0.058131
0.058002
0.057997
0.057604
0.057535
0.057519
0.057514
0.057490
0.057414
0.057134
0.056909
0.056851
0.056476
0.056066
0.055993
0.055977
0.055787
0.055771
0.055654
0.055315
0.055150
0.055138
0.054746
0.054175
0.054051
0.053880
0.053720
0.053700
0.053297
0.053164
0.053119
0.053100
0.052655
0.052642
0.052559
0.052465
0.052321
0.051900
0.051890
0.051735
0.051183
0.050787
0.050778
0.050604
0.050190
0.050189
0.050105
0.049976
0.049920
0.049835
0.049766
0.049373
0.049323
0.049266
0.049188
0.049024
0.048898
0.048225
0.048212
0.048106
0.048064
0.048044
0.048001
0.047968
0.047740
0.047685
0.047539
0.047408
0.047346
0.047199
0.047106
0.047103
0.047049
0.046762
0.046509
0.045957
0.045930
0.045917
0.045689
0.045360
0.045305
0.045277
0.045144
0.045117
0.044862
0.044730
0.044545
0.044291
0.044256
0.044201
0.044128
0.044083
0.044033
0.043692
0.043685
0.043634
0.043597
0.043520
0.043423
0.043364
0.043286
0.043177
0.043035
0.042965
0.042755
0.042746
0.042674
0.042625
0.042544
0.042422
0.042363
0.042360
0.042326
0.042319
0.042268
0.042151
0.042121
0.042103
0.042020
0.041780
0.041737
0.041457
0.041454
0.041427
0.041415
0.041232
0.041072
0.040971
0.040802
0.040630
0.040568
0.040336
0.040297
0.040147
0.040146
0.040125
0.040075
0.040071
0.039983
0.039949
0.039941
0.039839
0.039822
0.039745
0.039736
0.039578
0.039435
0.039357
0.039210
0.039195
0.039074
0.039014
0.038850
0.038830
0.038730
0.038411
0.038329
0.038258
0.038202
0.038104
0.037829
0.037794
0.037779
0.037670
0.037614
0.037532
0.037508
0.037484
0.037427
0.037219
0.037200
0.037188
0.037188
0.037140
0.037136
0.037119
0.037051
0.036905
0.036866
0.036667
0.036513
0.036241
0.036232
0.036142
0.035935
0.035875
0.035857
0.035723
0.035596
0.035552
0.035334
0.035260
0.035174
0.035121
0.035083
0.034971
0.034912
0.034896
0.034615
0.034581
0.034534
0.034468
0.034359
0.034336
0.034272
0.034264
0.034166
0.034161
0.034111
0.034081
0.034029
0.033921
0.033901
0.033887
0.033865
0.033629
0.032995
0.032918
0.032851
0.032842
0.032789
0.032739
0.032713
0.032395
0.032393
0.032387
0.032276
0.032269
0.032240
0.032090
0.032085
0.032079
0.031945
0.031869
0.031788
0.031783
0.031647
0.031619
0.031614
0.031613
0.031505
0.031487
0.031048
0.031023
0.030833
0.030800
0.030781
0.030769
0.030623
0.030616
0.030412
0.030386
0.030331
0.030124
0.030002
0.029972
0.029922
0.029812
0.029540
0.029432
0.029230
0.029047
0.029047
0.028916
0.028771
0.028047
0.027941
0.027657
0.027527
0.027493
0.027325
0.027256
0.027256
0.027255
0.027213
0.027130
0.027126
0.026949
0.026938
0.026934
0.026889
0.026854
0.026804
0.026672
0.026662
0.026570
0.026541
0.026516
0.026394
0.026319
0.026311
0.026258
0.026241
0.026209
0.026191
0.026169
0.026020
0.025982
0.025855
0.025839
0.025803
0.025788
0.025607
0.025567
0.025531
0.025489
0.025471
0.025424
0.025320
0.025288
0.025241
0.025211
0.025191
0.025181
0.025120
0.025083
0.025029
0.024993
0.024988
0.024877
0.024781
0.024777
0.024736
0.024706
0.024625
0.024568
0.024428
0.024268
0.024253
0.024252
0.024166
0.024161
0.024028
0.023994
0.023917
0.023666
0.023573
0.023491
0.023351
0.023340
0.023270
0.023100
0.023100
0.023033
0.022916
0.022904
0.022706
0.022443
0.022410
0.022338
0.022326
0.022298
0.022231
0.022023
0.021976
0.021926
0.021866
0.021848
0.021680
0.021614
0.021553
0.021548
0.021430
0.021422
0.021405
0.021342
0.021170
0.021051
0.021049
0.021036
0.020974
0.020874
0.020830
0.020742
0.020701
0.020685
0.020571
0.020393
0.020379
0.020325
0.020277
0.020274
0.020128
0.020004
0.019940
0.019835
0.019824
0.019814
0.019657
0.019626
0.019602
0.019490
0.019297
0.019236
0.019224
0.019213
0.019187
0.019127
0.019113
0.019022
0.018973
0.018818
0.018815
0.018796
0.018793
0.018631
0.018581
0.018535
0.018535
0.018456
0.018420
0.018394
0.018282
0.018233
0.018191
0.018171
0.018149
0.018093
0.018048
0.017961
0.017959
0.017817
0.017748
0.017738
0.017717
0.017716
0.017710
0.017623
0.017605
0.017544
0.017528
0.017501
0.017412
0.017332
0.017313
0.017284
0.017264
0.017135
0.017131
0.017101
0.017095
0.017089
0.017080
0.017077
0.016948
0.016897
0.016847
0.016691
0.016632
0.016629
0.016580
0.016467
0.016410
0.016277
0.016250
0.016247
0.016139
0.016086
0.016082
0.016059
0.016043
0.015933
0.015907
0.015704
0.015661
0.015618
0.015569
0.015469
0.015360
0.015267
0.015156
0.015146
0.014981
0.014898
0.014883
0.014878
0.014847
0.014602
0.014567
0.014564
0.014563
0.014443
0.014293
0.014257
0.014255
0.014234
0.014201
0.014188
0.014125
0.014061
0.013895
0.013872
0.013834
0.013834
0.013831
0.013828
0.013771
0.013728
0.013620
0.013578
0.013473
0.013463
0.013424
0.013288
0.013247
0.013241
0.013232
0.013118
0.013108
0.013101
0.013054
0.013016
0.012990
0.012970
0.012923
0.012847
0.012839
0.012783
0.012724
0.012682
0.012651
0.012627
0.012594
0.012538
0.012528
0.012468
0.012434
0.012401
0.012390
0.012386
0.012338
0.012207
0.012161
0.012161
0.012052
0.012044
0.011972
0.011810
0.011780
0.011740
0.011719
0.011518
0.011482
0.011427
0.011404
0.011373
0.011362
0.011343
0.011332
0.011320
0.011269
0.011252
0.011224
0.011185
0.011168
0.011158
0.011103
0.011035
0.011028
0.010993
0.010943
0.010898
0.010769
0.010751
0.010691
0.010620
0.010575
0.010505
0.010504
0.010465
0.010410
0.010374
0.010308
0.010303
0.010299
0.010270
0.010252
0.010252
0.010212
0.010182
0.010160
0.010043
0.010023
0.009965
0.009899
0.009889
0.009854
0.009796
0.009765
0.009753
0.009742
0.009732
0.009722
0.009585
0.009533
0.009472
0.009457
0.009390
0.009304
0.009297
0.009272
0.009269
0.009201
0.009168
0.009141
0.009098
0.009092
0.009019
0.009017
0.009016
0.008986
0.008967
0.008944
0.008912
0.008849
0.008839
0.008820
0.008805
0.008784
0.008749
0.008700
0.008693
0.008669
0.008663
0.008651
0.008639
0.008623
0.008587
0.008582
0.008582
0.008572
0.008568
0.008565
0.008565
0.008518
0.008518
0.008518
0.008505
0.008501
0.008499
0.008498
0.008498
0.008488
0.008481
0.008478
0.008468
0.008461
0.008459
0.008458
0.008455
0.008435
0.008433
0.008423
0.008423
0.008419
0.008415
0.008413
0.008402
0.008387
0.008386
0.008377
0.008365
0.008361
0.008345
0.008344
0.008340
0.008335
0.008334
0.008326
0.008318
0.008316
0.008313
0.008303
0.008301
0.008300
0.008300
0.008285
0.008277
0.008275
0.008274
0.008272
0.008254
0.008254
0.008251
0.008248
0.008229
0.008206
0.008203
0.008197
0.008189
0.008173
0.008168
0.008164
0.008161
0.008151
0.008151
0.008137
0.008134
0.008119
0.008069
0.008058
0.008058
0.008044
0.008026
0.008015
0.007997
0.007989
0.007984
0.007975
0.007972
0.007965
0.007947
0.007945
0.007915
0.007911
0.007907
0.007893
0.007890
0.007890
0.007884
0.007884
0.007875
0.007851
0.007831
0.007829
0.007828
0.007813
0.007812
0.007812
0.007725
0.007714
0.007708
0.007699
0.007665
0.007664
0.007657
0.007649
0.007634
0.007606
0.007603
0.007592
0.007575
0.007574
0.007554
0.007538
0.007527
0.007513
0.007508
0.007478
0.007471
0.007451
0.007443
0.007423
0.007372
0.007369
0.007350
0.007344
0.007341
0.007318
0.007310
0.007300
0.007240
0.007237
0.007223
0.007217
0.007199
0.007166
0.007161
0.007159
0.007082
0.007077
0.007076
0.007071
0.007053
0.007044
0.007002
0.006970
0.006949
0.006903
0.006832
0.006823
0.006793
0.006766
0.006745
0.006741
0.006705
0.006699
0.006690
0.006666
0.006660
0.006636
0.006634
0.006604
0.006555
0.006538
0.006537
0.006532
0.006509
0.006497
0.006493
0.006492
0.006476
0.006443
0.006362
0.006316
0.006315
0.006314
0.006276
0.006271
0.006206
0.006194
0.006166
0.006161
0.006107
0.006082
0.006058
0.006041
0.006019
0.005901
0.005870
0.005839
0.005811
0.005767
0.005764
0.005740
0.005726
0.005724
0.005717
0.005691
0.005659
0.005659
0.005652
0.005644
0.005639
0.005628
0.005624
0.005602
0.005588
0.005574
0.005560
0.005543
0.005543
0.005538
0.005522
0.005521
0.005502
0.005494
0.005489
0.005484
0.005461
0.005457
0.005456
0.005435
0.005435
0.005434
0.005430
0.005423
0.005420
0.005418
0.005411
0.005410
0.005390
0.005390
0.005382
0.005382
0.005372
0.005371
0.005363
0.005363
0.005355
0.005344
0.005336
0.005333
0.005331
0.005330
0.005321
0.005321
0.005320
0.005319
0.005316
0.005316
0.005316
0.005310
0.005306
0.005301
0.005290
0.005289
0.005283
0.005282
0.005273
0.005271
0.005270
0.005270
0.005262
0.005250
0.005239
0.005229
0.005211
0.005202
0.005197
0.005190
0.005186
0.005185
0.005176
0.005171
0.005170
0.005170
0.005160
0.005159
0.005156
0.005154
0.005148
0.005144
0.005143
0.005126
0.005125
0.005103
0.005093
0.005091
0.005091
0.005083
0.005076
0.005068
0.005067
0.005047
0.005047
0.005032
0.005027
0.005026
0.005020
0.005019
0.005001
0.004998
0.004994
0.004993
0.004992
0.004988
0.004987
0.004979
0.004977
0.004972
0.004964
0.004959
0.004948
0.004947
0.004944
0.004941
0.004922
0.004918
0.004912
0.004902
0.004898
0.004895
0.004887
0.004887
0.004865
0.004861
0.004849
0.004847
0.004837
0.004835
0.004834
0.004832
0.004826
0.004820
0.004813
0.004798
0.004773
0.004762
0.004741
0.004723
0.004713
0.004695
0.004648
0.004639
0.004633
0.004626
0.004584
0.004580
0.004541
0.004514
0.004451
0.004353
0.004334
0.004334
0.004299
0.004208
0.004159
0.004155
0.004130
0.004097
0.004097
0.004088
0.004056
0.003904
0.003897
0.003869
0.003866
0.003856
0.003853
0.003847
0.003839
0.003825
0.003817
0.003815
0.003804
0.003782
0.003778
0.003770
0.003769
0.003765
0.003764
0.003755
0.003739
0.003660
0.003597
0.003539
0.003511
0.003423
0.003383
0.003378
0.003347
0.003306
0.003293
0.003270
0.003267
0.003262
0.003260
0.003254
0.003248
0.003238
0.003235
0.003212
0.003205
0.003201
0.003190
0.003179
0.003176
0.003175
0.003172
0.003166
0.003165
0.003162
0.003154
0.003154
0.003153
0.003144
0.003142
0.003133
0.003130
0.003127
0.003112
0.003109
0.003098
0.003096
0.003073
0.003071
0.003068
0.003066
0.003063
0.003061
0.003061
0.003042
0.003042
0.003038
0.003038
0.003035
0.003013
0.003002
0.003002
0.002998
0.002996
0.002995
0.002988
0.002981
0.002979
0.002978
0.002971
0.002952
0.002951
0.002951
0.002946
0.002942
0.002934
0.002932
0.002931
0.002927
0.002923
0.002921
0.002919
0.002913
0.002912
0.002907
0.002901
0.002892
0.002890
0.002885
0.002882
0.002881
0.002870
0.002868
0.002865
0.002859
0.002859
0.002856
0.002852
0.002836
0.002826
0.002823
0.002823
0.002808
0.002795
0.002786
0.002779
0.002766
0.002761
0.002751
0.002719
0.002715
0.002714
0.002708
0.002684
0.002664
0.002643
0.002623
0.002594
0.002591
0.002571
0.002565
0.002561
0.002560
0.002547
0.002543
0.002542
0.002542
0.002542
0.002535
0.002526
0.002522
0.002520
0.002507
0.002499
0.002493
0.002476
0.002469
0.002463
0.002462
0.002458
0.002435
0.002430
0.002424
0.002399
0.002395
0.002394
0.002339
0.002328
0.002323
0.002321
0.002271
0.002261
0.002260
0.002247
0.002223
0.002218
0.002211
0.002204
0.002186
0.002186
0.002183
0.002170
0.002168
0.002167
0.002166
0.002163
0.002153
0.002148
0.002144
0.002139
0.002130
0.002122
0.002115
0.002112
0.002106
0.002104
0.002102
0.002099
0.002099
0.002096
0.002095
0.002093
0.002090
0.002089
0.002089
0.002087
0.002084
0.002082
0.002082
0.002081
0.002078
0.002077
0.002074
0.002074
0.002071
0.002070
0.002065
0.002063
0.002061
0.002061
0.002059
0.002055
0.002053
0.002051
0.002050
0.002050
0.002049
0.002049
0.002049
0.002046
0.002045
0.002044
0.002043
0.002042
0.002041
0.002040
0.002039
0.002037
0.002036
0.002035
0.002034
0.002034
0.002029
0.002026
0.002020
0.002020
0.002019
0.002013
0.002012
0.002011
0.002009
0.002009
0.002009
0.002004
0.002002
0.002002
0.002000
0.001999
0.001999
0.001997
0.001994
0.001993
0.001992
0.001991
0.001990
0.001989
0.001987
0.001981
0.001980
0.001980
0.001970
0.001970
0.001969
0.001966
0.001965
0.001964
0.001961
0.001961
0.001961
0.001960
0.001958
0.001956
0.001956
0.001955
0.001953
0.001952
0.001950
0.001950
0.001950
0.001948
0.001947
0.001947
0.001944
0.001941
0.001941
0.001940
0.001939
0.001937
0.001931
0.001930
0.001930
0.001928
0.001928
0.001925
0.001924
0.001924
0.001923
0.001921
0.001920
0.001919
0.001916
0.001906
0.001906
0.001904
0.001904
0.001904
0.001902
0.001901
0.001900
0.001898
0.001898
0.001892
0.001890
0.001890
0.001888
0.001887
0.001887
0.001887
0.001884
0.001883
0.001883
0.001883
0.001882
0.001882
0.001881
0.001880
0.001879
0.001879
0.001879
0.001878
0.001877
0.001877
0.001876
0.001875
0.001870
0.001866
0.001860
0.001859
0.001859
0.001858
0.001857
0.001855
0.001852
0.001851
0.001851
0.001848
0.001847
0.001846
0.001844
0.001843
0.001841
0.001840
0.001840
0.001839
0.001836
0.001836
0.001835
0.001834
0.001830
0.001829
0.001828
0.001827
0.001827
0.001827
0.001823
0.001822
0.001818
0.001817
0.001815
0.001812
0.001810
0.001810
0.001805
0.001805
0.001804
0.001801
0.001798
0.001796
0.001793
0.001792
0.001792
0.001789
0.001788
0.001787
0.001786
0.001781
0.001779
0.001777
0.001772
0.001771
0.001771
0.001769
0.001768
0.001767
0.001762
0.001760
0.001760
0.001756
0.001754
0.001753
0.001738
0.001737
0.001735
0.001731
0.001728
0.001727
0.001727
0.001721
0.001717
0.001717
0.001708
0.001705
0.001698
0.001698
0.001695
0.001692
0.001692
0.001690
0.001688
0.001684
0.001683
0.001681
0.001680
0.001677
0.001676
0.001667
0.001666
0.001666
0.001664
0.001660
0.001659
0.001626
0.001617
0.001607
0.001607
0.001583
0.001582
0.001537
0.001533
0.001514
0.001458
0.000971
0.000004
0.000003
0.000003
0.000002
0.000001
0.000000
0.000000
0.000000
0.000000
0.000000
0.000000
0.000000
0.000000
0.000000
0.000000
0.000000
0.000000
0.000000
0.000000
0.000000
0.000000
0.000000
0.000000
0.000000
0.000000
0.000000
0.000000
0.000000
0.000000
0.000000
0.000000
0.000000
0.000000
0.000000
0.000000
0.000000
0.000000
0.000000
0.000000
0.000000
0.000000
0.000000
0.000000
0.000000
0.000000
0.000000
0.000000
0.000000
0.000000
0.000000
0.000000
0.000000
0.000000
0.000000
0.000000
0.000000
0.000000
0.000000
0.000000
0.000000
0.000000
0.000000
0.000000
0.000000
0.000000
0.000000
0.000000
0.000000
0.000000
0.000000
0.000000
0.000000
0.000000
0.000000
0.000000
0.000000
0.000000
0.000000
0.000000
0.000000
0.000000
0.000000
0.000000
0.000000
0.000000
0.000000
0.000000
0.000000
0.000000
0.000000
0.000000
0.000000
0.000000
0.000000
0.000000
0.000000
0.000000
0.000000
0.000000
0.000000
0.000000
0.000000
0.000000
0.000000
0.000000
0.000000
0.000000
0.000000
0.000000
0.000000
0.000000
0.000000
0.000000
0.000000
0.000000
0.000000
0.000000
0.000000
0.000000
0.000000
0.000000
0.000000
0.000000
0.000000
0.000000
0.000000
0.000000
0.000000
0.000000
0.000000
0.000000
0.000000
0.000000
0.000000
0.000000
0.000000
0.000000
0.000000
0.000000
0.000000
0.000000
0.000000
0.000000
0.000000
0.000000
0.000000
0.000000
0.000000
0.000000
0.000000
0.000000
0.000000
0.000000
0.000000
0.000000
0.000000
0.000000
0.000000
0.000000
0.000000
0.000000
0.000000
0.000000
0.000000
0.000000
0.000000
0.000000
0.000000
0.000000
0.000000
0.000000
0.000000
0.000000
0.000000
0.000000
0.000000
0.000000
0.000000
0.000000
0.000000
0.000000
0.000000
0.000000
0.000000
0.000000
0.000000
0.000000
0.000000
0.000000
0.000000
0.000000
0.000000
0.000000
0.000000
0.000000
0.000000
0.000000
0.000000
0.000000
0.000000
0.000000
0.000000
0.000000
0.000000
0.000000
0.000000
0.000000
0.000000
0.000000
0.000000
0.000000
0.000000
0.000000
0.000000
0.000000
0.000000
0.000000
0.000000
0.000000
0.000000
0.000000
0.000000
0.000000
0.000000
0.000000
0.000000
0.000000
0.000000
0.000000
0.000000
0.000000
0.000000
0.000000
0.000000
0.000000
0.000000
0.000000
0.000000
0.000000
0.000000
0.000000
0.000000
0.000000
0.000000
0.000000
0.000000
0.000000
0.000000
0.000000
0.000000
0.000000
0.000000
0.000000
0.000000
0.000000
0.000000
0.000000
0.000000
0.000000
0.000000
0.000000
0.000000
0.000000
0.000000
0.000000
0.000000
0.000000
0.000000
0.000000
0.000000
0.000000
0.000000
0.000000
0.000000
0.000000
0.000000
0.000000
0.000000
0.000000
0.000000
0.000000
0.000000
0.000000
0.000000
0.000000
0.000000
0.000000
0.000000
0.000000
0.000000
0.000000
0.000000
0.000000
0.000000
0.000000
0.000000
0.000000
0.000000
0.000000
0.000000
0.000000
0.000000
0.000000
0.000000
0.000000
0.000000
0.000000
0.000000
0.000000
0.000000
0.000000
0.000000
0.000000
0.000000
0.000000
0.000000
0.000000
0.000000
0.000000
0.000000
0.000000
0.000000
0.000000
0.000000
0.000000
0.000000
0.000000
0.000000
0.000000
0.000000
0.000000
0.000000
0.000000
0.000000
0.000000
0.000000
0.000000
0.000000
0.000000
0.000000
0.000000
0.000000
0.000000
0.000000
0.000000
0.000000
0.000000
0.000000
0.000000
0.000000
0.000000
0.000000
0.000000
0.000000
0.000000
0.000000
0.000000
0.000000
0.000000
0.000000
0.000000
0.000000
0.000000
0.000000
0.000000
0.000000
0.000000
0.000000
0.000000
0.000000
0.000000
0.000000
0.000000
0.000000
0.000000
0.000000
0.000000
0.000000
0.000000
0.000000
0.000000
0.000000
0.000000
0.000000
0.000000
0.000000
0.000000
0.000000
0.000000
0.000000
0.000000
0.000000
0.000000
0.000000
0.000000
0.000000
0.000000
0.000000
0.000000
0.000000
0.000000
0.000000
0.000000
0.000000
0.000000
0.000000
0.000000
0.000000
0.000000
0.000000
0.000000
0.000000
0.000000
0.000000
0.000000
0.000000
0.000000
0.000000
0.000000
0.000000
0.000000
0.000000
0.000000
0.000000
0.000000
0.000000
0.000000
0.000000
0.000000
0.000000
0.000000
0.000000
0.000000
0.000000
0.000000
0.000000
0.000000
0.000000
0.000000
0.000000
0.000000
0.000000
0.000000
0.000000
0.000000
0.000000
0.000000
0.000000
0.000000
0.000000
0.000000
0.000000
0.000000
0.000000
0.000000
0.000000
0.000000
0.000000
0.000000
0.000000
0.000000
0.000000
0.000000
0.000000
0.000000
0.000000
0.000000
0.000000
0.000000
0.000000
0.000000
0.000000
0.000000
0.000000
0.000000
0.000000
0.000000
0.000000
0.000000
0.000000
0.000000
0.000000
0.000000
0.000000
0.000000
0.000000
0.000000
0.000000
0.000000
0.000000
0.000000
0.000000
0.000000
0.000000
0.000000
0.000000
0.000000
0.000000
0.000000
0.000000
0.000000
0.000000
0.000000
0.000000
0.000000
0.000000
0.000000
0.000000
0.000000
0.000000
0.000000
0.000000
0.000000
0.000000
0.000000
0.000000
0.000000
0.000000
0.000000
0.000000
0.000000
0.000000
0.000000
0.000000
0.000000
0.000000
0.000000
0.000000
0.000000
0.000000
0.000000
0.000000
0.000000
0.000000
0.000000
0.000000
0.000000
0.000000
0.000000
0.000000
0.000000
0.000000
0.000000
0.000000
0.000000
0.000000
0.000000
0.000000
0.000000
0.000000
0.000000
0.000000
0.000000
0.000000
0.000000
0.000000
0.000000
0.000000
0.000000
0.000000
0.000000
0.000000
0.000000
0.000000
0.000000
0.000000
0.000000
0.000000
0.000000
0.000000
0.000000
0.000000
0.000000
0.000000
0.000000
0.000000
0.000000
0.000000
0.000000
0.000000
0.000000
0.000000
0.000000
0.000000
0.000000
0.000000
0.000000
0.000000
0.000000
0.000000
0.000000
0.000000
0.000000
0.000000
0.000000
0.000000
0.000000
0.000000
0.000000
0.000000
0.000000
0.000000
0.000000
0.000000
0.000000
0.000000
0.000000
0.000000
0.000000
0.000000
0.000000
0.000000
0.000000
0.000000
0.000000
0.000000
0.000000
0.000000
0.000000
0.000000
0.000000
0.000000
0.000000
0.000000
0.000000
0.000000
0.000000
0.000000
0.000000
0.000000
0.000000
0.000000
0.000000
0.000000
0.000000
0.000000
0.000000
0.000000
0.000000
0.000000
0.000000
0.000000
0.000000
0.000000
0.000000
0.000000
0.000000
0.000000
0.000000
0.000000
0.000000
0.000000
0.000000
0.000000
0.000000
0.000000
0.000000
0.000000
0.000000
0.000000
0.000000
0.000000
0.000000
0.000000
0.000000
0.000000
0.000000
0.000000
0.000000
0.000000
0.000000
0.000000
0.000000
0.000000
0.000000
0.000000
0.000000
0.000000
0.000000
0.000000
0.000000
0.000000
0.000000
0.000000
0.000000
0.000000
0.000000
0.000000
0.000000
0.000000
0.000000
0.000000
0.000000
0.000000
0.000000
0.000000
0.000000
0.000000
0.000000
0.000000
0.000000
0.000000
0.000000
0.000000
0.000000
0.000000
0.000000
0.000000
0.000000
0.000000
0.000000
0.000000
0.000000
0.000000
0.000000
0.000000
0.000000
0.000000
0.000000
0.000000
0.000000
0.000000
0.000000
0.000000
0.000000
0.000000
0.000000
0.000000
0.000000
0.000000
0.000000
0.000000
0.000000
0.000000
0.000000
0.000000
0.000000
0.000000
0.000000
0.000000
0.000000
0.000000
0.000000
0.000000
0.000000
0.000000
0.000000
0.000000
0.000000
0.000000
0.000000
0.000000
0.000000
0.000000
0.000000
0.000000
0.000000
0.000000
0.000000
0.000000
0.000000
0.000000
0.000000
0.000000
0.000000
0.000000
0.000000
0.000000
0.000000
0.000000
0.000000
0.000000
0.000000
0.000000
0.000000
0.000000
0.000000
0.000000
0.000000
0.000000
0.000000
0.000000
0.000000
0.000000
0.000000
0.000000
0.000000
0.000000
0.000000
0.000000
0.000000
0.000000
0.000000
0.000000
0.000000
0.000000
0.000000
0.000000
0.000000
0.000000
0.000000
0.000000
0.000000
0.000000
0.000000
0.000000
0.000000
0.000000
0.000000
0.000000
0.000000
0.000000
0.000000
0.000000
0.000000
0.000000
0.000000
0.000000
0.000000
0.000000
0.000000
0.000000
0.000000
0.000000
0.000000
0.000000
0.000000
0.000000
0.000000
0.000000
0.000000
0.000000
0.000000
0.000000
0.000000
0.000000
0.000000
0.000000
0.000000
0.000000
0.000000
0.000000
0.000000
0.000000
0.000000
0.000000
0.000000
0.000000
0.000000
0.000000
0.000000
0.000000
0.000000
0.000000
0.000000
0.000000
0.000000
0.000000
0.000000
0.000000
0.000000
0.000000
0.000000
0.000000
0.000000
0.000000
0.000000
0.000000
0.000000
0.000000
0.000000
0.000000
0.000000
0.000000
0.000000
0.000000
0.000000
0.000000
0.000000
0.000000
0.000000
0.000000
0.000000
0.000000
0.000000
0.000000
0.000000
0.000000
0.000000
0.000000
0.000000
0.000000
0.000000
0.000000
0.000000
0.000000
0.000000
0.000000
0.000000
0.000000
0.000000
0.000000
0.000000
0.000000
0.000000
0.000000
0.000000
0.000000
0.000000
0.000000
0.000000
0.000000
0.000000
0.000000
0.000000
0.000000
0.000000
0.000000
0.000000
0.000000
0.000000
0.000000
0.000000
0.000000
0.000000
0.000000
0.000000
0.000000
0.000000
0.000000
0.000000
0.000000
0.000000
0.000000
0.000000
0.000000
0.000000
0.000000
0.000000
0.000000
0.000000
0.000000
0.000000
0.000000
0.000000
0.000000
0.000000
0.000000
0.000000
0.000000
0.000000
0.000000
0.000000
0.000000
0.000000
0.000000
0.000000
0.000000
0.000000
0.000000
