1	107
2	47
2	73
3	50
4	50
5	37
6	50
7	47
7	73
8	50
9	50
10	50
11	37
12	24
12	50
13	49
14	49
15	74
16	50
17	50
18	50
19	50
20	37
21	50
22	50
23	50
24	50
24	107
25	50
27	107
28	54
29	47
29	50
29	74
30	47
30	73
31	50
34	47
34	73
35	50
36	107
37	107
38	50
39	50
40	47
40	73
41	38
42	107
43	107
44	107
45	15
45	37
45	47
45	50
45	73
45	74
46	50
47	50
48	37
49	47
49	50
49	107
50	47
50	73
51	50
56	50
57	105
58	50
59	37
59	96
59	102
61	107
62	74
62	105
63	50
63	73
63	107
64	50
65	50
66	56
67	50
68	50
69	107
70	74
71	50
72	74
74	50
76	50
77	19
77	73
78	50
78	57
78	73
79	49
79	74
79	107
81	50
82	37
82	49
82	74
83	37
83	74
84	47
84	73
85	35
85	47
85	74
86	47
86	73
87	37
88	50
89	50
90	50
91	107
92	107
93	47
93	73
95	47
95	73
96	50
97	50
98	117
99	107
100	74
101	47
101	73
102	74
103	3
103	37
103	47
103	50
103	57
103	72
103	73
103	74
103	102
103	107
104	49
105	120
106	50
107	50
108	50
109	74
110	107
111	107
112	47
112	50
113	49
114	50
115	50
116	50
116	73
116	105
117	27
117	44
117	50
117	57
117	74
119	50
120	50
120	73
120	74
121	105
122	50
123	3
123	72
123	107
124	50
124	107
126	105
127	107
128	37
129	50
130	50
131	50
132	50
133	107
134	37
134	105
135	37
136	73
137	37
138	50
139	107
141	47
141	73
142	64
143	107
184	73
186	50
187	50
190	50
191	73
201	73
204	50
205	73
208	50
211	50
212	50
213	50
214	73
215	73
217	73
218	50
221	107
222	37
223	73
227	50
229	73
231	50
233	50
240	50
242	73
244	73
247	73
249	73
253	50
254	50
256	73
257	50
261	50
266	73
270	73
271	73
275	73
276	73
283	50
288	50
291	73
304	73
305	50
307	73
317	73
319	73
324	50
325	73
328	73
344	73
357	107
382	41
383	101
384	44
385	74
386	50
387	74
388	50
389	50
390	74
391	107
392	50
392	107
393	37
394	50
395	50
396	50
397	47
397	73
398	74
399	50
400	107
402	50
403	37
403	57
403	107
403	120
404	47
404	50
404	107
406	50
407	107
408	107
409	37
410	37
410	50
410	57
410	107
411	47
411	50
411	105
414	107
415	49
415	74
416	107
417	37
418	50
419	107
420	50
421	50
422	50
422	57
423	74
424	102
425	50
426	37
427	50
428	47
428	56
428	73
429	49
429	107
430	47
430	73
431	50
432	50
433	47
433	50
434	37
434	50
436	37
437	74
438	47
440	107
441	50
441	57
442	74
443	50
444	50
445	37
445	50
445	72
446	50
448	105
449	49
449	50
450	19
450	24
450	34
450	37
450	47
450	49
450	50
450	54
450	65
450	74
450	89
450	102
450	104
450	106
450	107
450	120
451	27
451	34
451	107
452	37
452	44
452	50
452	65
452	74
452	102
453	37
453	88
453	102
454	50
455	37
456	37
457	47
457	73
458	37
458	57
459	37
460	37
461	37
462	37
463	50
464	50
465	50
466	50
467	105
468	14
468	50
468	74
469	56
469	107
470	50
471	107
472	107
473	54
473	73
473	74
474	50
475	50
476	50
478	50
479	24
481	107
482	50
483	50
485	37
485	44
485	47
485	64
485	73
485	74
485	83
485	102
487	50
488	102
489	107
494	47
494	73
496	50
497	50
500	49
500	50
501	50
502	50
503	74
504	107
505	37
505	107
506	107
507	107
509	50
510	19
510	37
510	50
510	73
510	74
511	37
511	74
511	102
513	50
514	107
515	73
518	37
518	50
519	64
520	64
521	107
522	47
522	73
523	50
524	74
524	107
525	50
526	107
527	50
528	50
529	50
530	74
531	107
536	50
537	49
537	50
537	107
538	35
538	49
538	56
538	107
539	107
540	37
540	47
541	107
543	106
544	50
546	37
546	50
547	50
547	74
547	107
549	62
550	37
550	74
550	120
552	102
553	50
554	102
555	50
556	102
557	107
558	37
559	50
559	107
560	50
560	120
561	107
562	107
563	73
564	64
566	49
567	49
567	50
568	74
569	47
570	37
571	107
572	50
572	107
573	47
573	50
573	73
573	107
574	37
575	37
575	56
576	107
578	50
579	37
580	50
581	50
581	107
582	50
583	102
585	50
586	41
587	37
588	50
589	50
589	64
590	13
591	37
591	50
591	102
591	107
592	47
594	47
594	73
595	37
597	47
597	107
598	37
598	49
598	50
599	37
600	50
601	49
602	50
603	37
605	50
606	50
607	50
608	37
608	50
608	56
608	107
609	50
610	74
611	50
612	50
613	50
614	73
615	50
616	49
617	50
619	50
620	50
621	107
624	50
625	102
630	107
631	47
633	50
636	50
639	107
640	50
641	37
642	50
643	50
644	19
646	37
649	50
650	107
651	50
651	73
652	50
653	37
654	50
655	50
656	102
657	50
658	50
660	50
661	50
662	50
663	47
663	50
663	73
664	50
666	50
667	50
668	47
668	73
669	50
670	50
671	50
672	50
673	50
674	50
675	50
677	50
678	50
679	50
680	50
681	50
682	50
683	50
684	50
685	50
687	50
688	50
689	50
690	50
691	50
692	50
693	50
694	102
695	50
697	50
698	50
699	50
700	50
701	50
702	50
704	50
705	50
706	50
707	50
709	37
710	50
711	50
712	50
713	53
713	81
714	37
714	47
714	50
714	105
715	107
716	50
717	56
718	107
719	107
720	50
721	107
722	37
723	107
724	107
725	64
726	56
728	56
729	50
729	107
730	107
731	107
732	107
733	107
734	107
735	107
736	107
737	64
738	107
739	50
740	107
741	107
742	107
743	107
744	107
745	49
745	50
745	107
746	50
747	41
748	17
748	37
748	47
748	64
748	73
749	47
749	73
750	50
750	105
751	107
752	37
753	15
753	27
753	37
753	39
753	47
753	49
753	54
753	57
753	65
753	72
753	73
753	74
753	102
753	104
753	107
753	120
754	50
755	21
755	24
755	50
755	74
756	107
757	50
758	49
758	50
759	107
760	15
760	35
760	47
760	66
761	56
762	50
763	37
763	64
763	73
763	107
764	49
765	47
765	73
766	47
766	50
766	73
767	47
767	73
768	50
769	50
770	4
771	50
771	107
772	49
773	50
774	50
774	107
775	47
775	50
775	73
776	107
777	50
778	50
779	50
780	50
781	74
783	64
784	50
785	50
786	47
786	73
787	50
787	107
789	57
790	50
791	47
791	73
792	82
793	49
794	107
795	102
796	29
797	5
797	15
797	34
797	35
797	37
797	47
797	49
797	50
797	57
797	73
797	74
797	102
797	105
797	106
797	107
797	120
797	122
798	50
799	50
801	50
802	50
803	74
805	35
806	35
807	35
808	54
809	35
810	35
811	35
812	35
813	35
816	107
817	37
817	47
817	50
817	73
818	50
818	57
819	73
820	49
822	50
824	50
825	73
826	73
828	73
833	73
834	73
835	73
838	73
842	73
849	73
852	107
865	73
868	107
870	73
948	47
948	73
949	35
950	37
950	54
950	73
950	107
951	47
951	73
954	54
955	49
956	47
956	50
956	73
957	15
957	47
957	49
958	47
959	50
960	47
960	49
960	50
961	39
963	12
963	37
963	73
964	37
966	49
967	50
969	47
971	47
972	47
972	73
974	107
975	102
977	50
978	74
979	37
980	50
981	50
982	107
983	47
983	73
984	50
987	56
988	49
990	107
991	50
991	74
993	50
994	50
995	49
996	49
997	35
997	37
997	47
997	57
997	74
997	101
997	105
997	120
998	50
999	50
1000	107
1002	50
1003	24
1004	87
1005	41
1007	105
1007	107
1008	50
1009	49
1010	50
1011	49
1012	24
1013	50
1014	107
1015	49
1016	41
1019	49
1020	50
1021	107
1022	107
1023	107
1024	50
1025	50
1026	50
1027	50
1028	107
1029	50
1030	49
1031	50
1032	74
1033	74
1034	49
1038	107
1039	50
1041	74
1042	50
1043	49
1044	107
1046	41
1047	107
1048	49
1049	50
1050	107
1051	37
1052	107
1053	49
1054	50
1055	107
1056	50
1057	47
1057	73
1058	107
1059	47
1059	73
1060	47
1060	73
1061	50
1062	107
1063	102
1064	117
1065	50
1066	27
1066	37
1067	50
1067	107
1068	50
1069	50
1070	47
1070	73
1072	47
1072	73
1074	107
1075	49
1077	50
1078	107
1079	50
1080	50
1081	47
1081	50
1081	73
1082	50
1083	24
1083	47
1083	73
1084	24
1085	57
1085	74
1085	102
1086	35
1086	37
1086	105
1087	37
1087	104
1087	107
1088	49
1088	50
1089	47
1089	107
1090	74
1090	102
1091	47
1092	74
1093	107
1094	37
1094	64
1095	102
1096	37
1097	74
1098	47
1099	35
1099	37
1099	50
1099	74
1100	50
1102	41
1102	49
1103	50
1104	50
1105	50
1106	50
1107	50
1108	120
1110	35
1110	107
1111	74
1112	72
1113	41
1113	107
1114	50
1115	107
1116	50
1117	50
1118	37
1118	50
1119	50
1120	50
1121	50
1122	50
1123	74
1124	50
1125	50
1126	47
1126	73
1127	107
1128	50
1129	50
1131	47
1131	73
1133	73
1134	107
1135	50
1136	50
1137	50
1140	57
1143	19
1144	50
1145	107
1146	50
1147	50
1150	47
1150	90
1151	107
1152	107
1153	37
1153	107
1154	107
1155	49
1156	107
1157	102
1158	49
1160	50
1161	102
1162	50
1163	57
1163	102
1164	27
1164	37
1164	44
1164	47
1164	50
1164	64
1164	74
1164	105
1165	47
1165	73
1166	47
1166	73
1167	50
1168	19
1168	31
1168	37
1168	44
1168	47
1168	49
1168	50
1168	73
1168	74
1168	101
1168	105
1168	120
1169	50
1170	50
1171	50
1172	50
1173	37
1173	57
1173	102
1174	47
1174	73
1177	50
1178	2
1178	21
1178	24
1178	37
1178	47
1178	65
1178	73
1178	107
1178	120
1180	37
1180	50
1180	114
1181	37
1181	50
1181	74
1182	107
1183	50
1185	107
1187	50
1188	107
1190	56
1190	107
1191	107
1192	50
1194	50
1196	49
1197	54
1197	64
1198	54
1199	64
1200	37
1201	64
1202	73
1203	50
1204	18
1204	37
1204	50
1204	54
1204	73
1204	74
1204	85
1206	28
1206	117
1208	15
1208	50
1209	54
1209	112
1209	117
1210	73
1212	47
1212	50
1213	50
1214	11
1214	37
1214	47
1214	54
1214	112
1214	117
1215	112
1215	117
1216	105
1217	28
1217	49
1217	50
1217	117
1218	16
1218	48
1218	66
1218	73
1218	117
1220	24
1220	28
1220	31
1220	35
1220	37
1220	44
1220	47
1220	48
1220	50
1220	60
1220	73
1220	74
1220	85
1220	87
1220	97
1220	102
1220	112
1220	117
1220	120
1221	11
1221	35
1221	37
1221	66
1221	101
1221	120
1222	6
1222	26
1222	47
1222	54
1222	64
1222	73
1222	74
1222	102
1222	105
1222	106
1223	105
1224	35
1225	28
1225	35
1225	47
1225	102
1225	105
1225	117
1226	35
1226	74
1227	31
1227	37
1227	47
1227	49
1227	50
1227	73
1227	74
1227	120
1228	107
1229	10
1229	31
1229	37
1229	47
1229	49
1229	50
1229	70
1229	74
1229	102
1230	47
1230	54
1230	73
1230	102
1230	105
1231	37
1231	50
1231	73
1232	37
1232	50
1232	54
1232	73
1232	74
1232	102
1232	107
1232	121
1233	37
1233	44
1233	50
1233	74
1233	120
1233	121
1234	11
1234	37
1234	44
1234	47
1234	49
1234	50
1234	51
1234	73
1234	74
1234	102
1234	105
1234	112
1234	117
1234	120
1234	121
1235	47
1235	50
1236	74
1236	102
1237	73
1237	112
1237	117
1238	73
1238	112
1238	117
1239	21
1240	37
1240	64
1241	74
1242	54
1242	74
1243	15
1243	47
1243	48
1243	50
1243	66
1243	73
1243	74
1243	105
1244	74
1245	50
1246	112
1246	117
1247	106
1248	48
1249	50
1250	15
1250	37
1250	47
1250	48
1250	73
1250	102
1251	74
1252	21
1253	28
1253	48
1253	66
1253	74
1253	117
1254	47
1254	50
1254	54
1255	37
1256	28
1256	74
1256	117
1257	47
1257	50
1257	105
1258	28
1258	37
1258	47
1258	50
1258	74
1258	117
1259	47
1259	73
1259	112
1259	117
1260	47
1260	74
1262	28
1262	74
1262	105
1262	117
1263	37
1263	48
1263	105
1264	74
1265	21
1265	37
1265	47
1265	50
1265	105
1265	112
1265	117
1266	37
1266	47
1266	50
1266	73
1266	88
1266	120
1268	47
1268	50
1269	28
1269	74
1269	117
1270	76
1270	107
1271	35
1271	37
1271	49
1271	78
1271	88
1272	74
1273	76
1274	48
1274	50
1275	112
1275	117
1276	112
1276	117
1277	15
1277	35
1277	37
1277	40
1277	47
1277	50
1277	73
1277	74
1277	85
1277	102
1277	112
1277	117
1277	120
1277	121
1278	49
1279	21
1279	50
1279	104
1279	120
1280	35
1280	47
1280	50
1280	76
1281	54
1281	86
1282	74
1283	21
1284	37
1284	112
1284	117
1285	37
1285	73
1286	37
1287	50
1287	73
1288	37
1288	88
1288	120
1289	73
1290	73
1291	104
1292	16
1292	31
1292	35
1292	37
1292	47
1292	50
1292	54
1292	105
1292	117
1293	21
1293	47
1294	15
1294	28
1294	31
1294	34
1294	37
1294	44
1294	47
1294	49
1294	50
1294	61
1294	74
1294	87
1294	102
1294	104
1294	107
1294	112
1294	113
1294	117
1294	120
1295	1
1295	27
1295	31
1295	37
1295	44
1295	50
1295	60
1295	74
1295	87
1295	102
1295	105
1295	120
1295	121
1296	27
1296	31
1296	37
1296	44
1296	73
1296	74
1296	87
1296	102
1296	120
1296	121
1297	47
1297	48
1297	50
1297	102
1297	105
1298	35
1298	47
1298	50
1298	54
1298	74
1298	107
1299	50
1300	73
1300	74
1301	37
1301	73
1301	74
1302	50
1303	35
1303	47
1303	50
1303	74
1303	112
1303	117
1303	121
1304	41
1305	28
1305	37
1305	54
1305	117
1306	37
1307	24
1307	28
1307	37
1307	49
1307	73
1307	97
1307	117
1308	28
1308	73
1309	21
1309	74
1309	77
1309	105
1309	111
1311	76
1312	37
1312	120
1313	47
1314	47
1314	50
1314	74
1315	37
1315	74
1316	112
1316	117
1317	50
1318	4
1318	11
1318	37
1318	44
1318	45
1318	50
1318	54
1318	58
1318	73
1318	74
1318	85
1318	105
1319	105
1321	47
1321	50
1321	54
1321	74
1321	76
1322	50
1322	66
1322	74
1323	47
1323	50
1323	54
1324	21
1324	50
1324	73
1324	117
1325	21
1325	35
1326	15
1326	35
1326	37
1326	44
1326	47
1326	107
1326	120
1327	15
1327	37
1327	40
1327	47
1327	48
1327	50
1327	73
1327	74
1327	100
1327	102
1328	47
1328	74
1328	102
1329	47
1329	48
1330	37
1330	54
1330	73
1330	85
1331	8
1332	37
1333	48
1333	50
1333	105
1334	73
1336	16
1336	37
1336	54
1336	73
1337	47
1337	50
1338	112
1338	117
1339	37
1339	44
1339	73
1339	74
1339	120
1339	121
1341	21
1341	50
1341	73
1342	73
1343	54
1344	28
1344	41
1344	47
1344	50
1344	74
1345	28
1345	37
1345	47
1345	49
1345	50
1345	64
1345	65
1345	73
1345	74
1345	102
1346	21
1347	34
1347	37
1347	47
1347	50
1347	54
1347	73
1347	74
1347	102
1347	105
1348	50
1348	74
1348	106
1349	1
1349	21
1349	37
1349	47
1349	49
1349	54
1349	74
1349	77
1349	85
1349	105
1349	107
1349	112
1349	117
1350	54
1351	50
1351	54
1351	86
1352	16
1352	37
1352	47
1352	74
1352	104
1353	37
1353	74
1354	16
1354	21
1354	37
1354	47
1354	49
1354	50
1354	72
1354	74
1354	97
1355	47
1355	50
1356	28
1356	74
1356	117
1357	28
1357	117
1358	15
1358	37
1358	44
1358	49
1358	73
1358	74
1358	102
1359	24
1359	37
1359	41
1359	44
1359	47
1359	50
1359	54
1359	66
1359	73
1359	74
1359	108
1360	102
1361	28
1361	37
1361	49
1361	112
1361	117
1362	21
1362	37
1362	47
1362	50
1362	73
1362	88
1362	120
1363	54
1364	21
1364	35
1364	37
1364	40
1364	44
1364	47
1364	49
1364	50
1364	107
1364	121
1365	50
1366	28
1366	31
1366	35
1366	37
1366	40
1366	49
1366	50
1366	74
1366	104
1366	117
1367	40
1367	49
1367	102
1367	121
1368	31
1368	37
1368	41
1368	47
1368	48
1368	49
1368	50
1368	54
1368	64
1368	74
1368	102
1368	118
1369	1
1369	6
1369	26
1369	35
1369	37
1369	47
1369	50
1369	64
1369	73
1369	74
1369	104
1369	105
1369	106
1369	118
1370	37
1370	50
1370	118
1371	21
1371	31
1371	34
1371	37
1371	66
1371	74
1371	77
1371	105
1372	54
1372	74
1372	102
1373	15
1373	49
1373	54
1373	74
1373	95
1373	112
1373	117
1374	37
1374	74
1374	118
1375	21
1375	77
1375	104
1376	74
1377	37
1377	47
1377	49
1377	73
1377	74
1377	76
1377	95
1377	102
1377	104
1377	105
1377	111
1377	118
1377	120
1378	72
1379	21
1379	50
1379	73
1380	15
1380	28
1380	47
1380	48
1380	50
1380	74
1380	117
1381	50
1382	18
1382	19
1382	26
1382	27
1382	35
1382	37
1382	47
1382	49
1382	55
1382	65
1382	66
1382	72
1382	74
1382	85
1382	102
1382	118
1382	120
1383	54
1384	19
1384	28
1384	31
1384	35
1384	37
1384	44
1384	48
1384	50
1384	54
1384	64
1384	65
1384	74
1384	102
1384	108
1384	118
1384	120
1386	21
1386	50
1387	26
1387	37
1387	48
1387	49
1387	50
1387	74
1387	118
1388	26
1388	37
1388	44
1388	50
1388	73
1388	74
1388	120
1388	121
1389	11
1389	37
1389	47
1389	50
1389	74
1389	102
1389	105
1390	15
1390	28
1390	35
1390	74
1390	117
1390	121
1391	35
1391	37
1391	47
1391	48
1391	49
1391	50
1391	60
1391	64
1391	74
1391	105
1392	28
1392	74
1392	117
1393	37
1393	44
1393	48
1393	50
1393	73
1393	104
1394	35
1394	37
1394	50
1394	54
1394	73
1394	105
1394	118
1395	21
1395	41
1395	102
1396	112
1396	117
1397	26
1397	35
1397	49
1397	50
1397	74
1397	105
1397	112
1397	117
1398	37
1398	73
1398	118
1399	37
1400	37
1401	37
1401	73
1401	118
1402	50
1403	74
1403	107
1404	8
1404	32
1404	35
1404	37
1404	44
1404	47
1404	49
1404	50
1404	73
1404	74
1404	85
1404	105
1404	107
1404	118
1404	120
1404	121
1405	28
1405	48
1405	74
1405	105
1405	117
1406	37
1406	118
1407	19
1407	31
1407	35
1407	37
1407	47
1407	50
1407	54
1407	65
1407	73
1407	74
1407	84
1408	37
1408	50
1408	118
1409	11
1409	28
1409	47
1409	49
1409	50
1409	54
1409	73
1409	74
1409	104
1409	105
1410	15
1410	73
1411	19
1411	31
1411	37
1411	50
1411	54
1411	65
1411	73
1411	74
1411	107
1411	118
1412	37
1412	47
1412	50
1412	74
1413	7
1413	10
1413	30
1413	31
1413	34
1413	35
1413	37
1413	44
1413	47
1413	48
1413	49
1413	50
1413	55
1413	65
1413	68
1413	70
1413	73
1413	74
1413	98
1413	101
1413	102
1413	107
1414	21
1414	37
1414	44
1414	73
1414	74
1414	120
1414	121
1415	37
1415	47
1415	49
1415	50
1415	73
1415	74
1415	104
1415	105
1415	118
1416	17
1416	19
1416	35
1416	37
1416	44
1416	46
1416	47
1416	49
1416	63
1416	65
1416	73
1416	74
1416	76
1416	88
1416	101
1416	102
1416	107
1416	118
1416	120
1416	121
1417	35
1417	37
1417	44
1417	47
1417	50
1417	63
1417	73
1417	74
1417	76
1417	97
1417	101
1417	102
1417	105
1417	120
1417	121
1418	63
1418	101
1418	105
1419	24
1419	37
1419	47
1419	48
1419	49
1419	50
1419	74
1419	97
1419	118
1420	19
1420	35
1420	37
1420	44
1420	47
1420	50
1420	65
1420	73
1420	74
1420	97
1420	105
1420	118
1420	120
1420	121
1421	37
1421	118
1422	6
1422	23
1422	26
1422	28
1422	37
1422	42
1422	47
1422	48
1422	50
1422	64
1422	73
1422	74
1422	99
1422	105
1422	106
1422	107
1422	112
1422	116
1422	117
1423	6
1423	26
1423	47
1423	48
1423	50
1423	64
1423	104
1423	106
1425	28
1425	37
1425	47
1425	74
1425	75
1425	105
1425	117
1426	21
1426	28
1426	37
1426	44
1426	72
1426	73
1426	77
1426	117
1427	47
1427	50
1427	73
1427	112
1427	117
1428	19
1428	37
1428	65
1428	73
1428	120
1429	31
1429	37
1429	102
1429	118
1430	26
1430	28
1430	37
1430	50
1430	74
1430	88
1430	112
1430	117
1430	120
1431	28
1431	35
1431	47
1431	50
1431	74
1431	117
1432	102
1433	37
1433	44
1433	47
1433	50
1433	54
1433	74
1434	50
1434	74
1435	34
1435	37
1435	47
1435	50
1435	74
1435	95
1435	105
1435	118
1436	37
1436	47
1436	50
1436	54
1436	105
1437	15
1437	19
1437	28
1437	37
1437	47
1437	48
1437	50
1437	65
1437	73
1437	74
1437	105
1437	117
1437	120
1438	28
1438	48
1438	74
1438	105
1438	117
1439	21
1439	37
1439	47
1439	73
1439	118
1440	50
1441	37
1441	50
1441	88
1441	105
1441	120
1442	34
1442	35
1442	37
1442	47
1442	50
1442	73
1443	50
1444	21
1444	28
1444	54
1444	73
1444	74
1444	86
1444	117
1445	37
1445	74
1446	47
1446	50
1447	47
1447	50
1448	48
1449	15
1449	19
1449	28
1449	37
1449	47
1449	48
1449	50
1449	65
1449	74
1449	112
1449	117
1449	120
1450	37
1451	37
1451	50
1451	118
1452	21
1452	28
1452	35
1452	37
1452	44
1452	47
1452	49
1452	54
1452	74
1452	77
1452	85
1452	102
1452	104
1452	112
1452	117
1452	120
1452	121
1453	35
1453	37
1453	47
1453	49
1453	50
1453	73
1453	74
1453	84
1453	104
1453	105
1453	107
1453	118
1453	121
1454	35
1454	42
1454	74
1454	107
1455	19
1455	21
1455	35
1455	37
1455	47
1455	49
1455	54
1455	64
1455	73
1455	74
1455	85
1455	102
1455	105
1455	107
1456	19
1456	21
1456	26
1456	37
1456	47
1456	50
1456	65
1456	74
1456	107
1456	120
1458	19
1458	21
1458	28
1458	35
1458	37
1458	49
1458	50
1458	65
1458	77
1458	112
1458	117
1458	120
1459	11
1459	28
1459	35
1459	37
1459	47
1459	48
1459	50
1459	54
1459	73
1459	74
1459	102
1459	117
1460	105
1461	35
1461	37
1461	48
1461	49
1461	50
1461	54
1461	74
1461	102
1461	105
1461	118
1462	35
1463	28
1463	37
1463	44
1463	47
1463	50
1463	73
1463	105
1463	107
1463	108
1463	118
1464	37
1464	40
1464	44
1464	49
1464	50
1464	66
1464	73
1464	74
1464	105
1464	106
1464	112
1464	117
1465	74
1466	28
1466	50
1466	117
1467	74
1467	76
1467	112
1467	117
1468	37
1468	47
1468	50
1468	112
1468	117
1469	105
1470	18
1470	44
1470	47
1471	11
1471	19
1471	37
1471	106
1472	35
1472	37
1472	50
1472	54
1472	73
1472	74
1472	104
1472	105
1472	111
1472	118
1472	121
1473	37
1473	50
1473	54
1473	73
1473	102
1473	105
1473	118
1474	15
1474	19
1474	34
1474	37
1474	40
1474	47
1474	48
1474	50
1474	73
1474	74
1474	102
1474	118
1474	120
1475	47
1476	37
1476	47
1476	50
1476	118
1477	7
1477	15
1477	31
1477	34
1477	37
1477	44
1477	47
1477	50
1477	73
1477	74
1477	102
1477	107
1477	118
1477	120
1478	25
1478	35
1478	37
1478	47
1478	50
1478	72
1478	73
1478	74
1478	105
1478	118
1479	50
1480	25
1480	35
1480	37
1480	50
1480	73
1480	74
1480	105
1481	50
1481	74
1482	6
1482	26
1482	28
1482	34
1482	35
1482	37
1482	41
1482	47
1482	64
1482	73
1482	74
1482	105
1482	106
1482	117
1482	118
1483	47
1483	50
1484	37
1484	44
1484	47
1485	37
1485	54
1486	31
1486	37
1486	47
1486	50
1486	73
1486	74
1486	87
1486	105
1486	120
1487	50
1488	28
1488	117
1489	8
1489	21
1489	28
1489	35
1489	50
1489	107
1489	117
1490	102
1491	19
1491	21
1491	37
1491	40
1491	47
1491	50
1491	56
1491	73
1491	74
1491	89
1491	118
1492	37
1492	47
1492	73
1492	102
1492	118
1493	50
1495	73
1495	74
1496	37
1496	47
1497	7
1497	28
1497	31
1497	34
1497	35
1497	37
1497	44
1497	47
1497	49
1497	50
1497	73
1497	74
1497	108
1497	120
1498	15
1498	37
1498	74
1498	105
1499	47
1499	49
1499	50
1499	73
1499	74
1499	105
1500	28
1500	37
1500	47
1500	48
1500	78
1500	105
1500	117
1501	8
1501	20
1501	21
1501	24
1501	26
1501	31
1501	35
1501	36
1501	37
1501	39
1501	41
1501	44
1501	47
1501	48
1501	49
1501	50
1501	54
1501	73
1501	74
1501	85
1501	88
1501	102
1501	104
1501	105
1501	107
1501	108
1501	112
1501	117
1501	118
1501	120
1502	21
1502	28
1502	35
1502	37
1502	40
1502	47
1502	48
1502	50
1502	54
1502	64
1502	74
1502	102
1502	104
1502	105
1502	107
1502	121
1503	21
1503	117
1505	37
1505	50
1505	107
1505	117
1506	50
1507	50
1508	74
1508	107
1509	54
1510	21
1511	37
1511	48
1512	54
1513	37
1513	49
1513	54
1513	105
1514	73
1515	6
1515	26
1515	37
1515	41
1515	47
1515	49
1515	50
1515	54
1515	64
1515	73
1515	74
1515	102
1515	104
1515	105
1515	106
1516	37
1516	88
1516	118
1516	120
1517	15
1517	18
1517	21
1517	37
1517	44
1517	47
1517	48
1517	49
1517	64
1517	74
1517	93
1517	112
1517	117
1517	120
1517	121
1518	37
1518	47
1518	73
1518	102
1518	118
1519	19
1519	37
1519	118
1520	19
1520	44
1520	56
1520	102
1520	105
1520	106
1521	28
1521	44
1521	47
1521	49
1521	50
1521	54
1521	73
1521	74
1521	86
1521	107
1521	112
1521	117
1521	120
1522	102
1523	37
1523	47
1523	102
1523	118
1524	50
1524	54
1524	107
1525	19
1525	37
1525	41
1525	49
1525	50
1525	65
1525	73
1525	74
1525	80
1525	102
1525	105
1525	107
1525	120
1526	15
1526	47
1526	50
1526	102
1527	20
1527	21
1527	28
1527	34
1527	37
1527	46
1527	47
1527	48
1527	49
1527	50
1527	62
1527	73
1527	74
1527	102
1527	103
1527	105
1527	107
1527	117
1527	118
1528	21
1528	28
1528	47
1528	50
1528	117
1529	21
1529	28
1529	31
1529	34
1529	35
1529	37
1529	47
1529	48
1529	49
1529	50
1529	62
1529	73
1529	74
1529	102
1529	103
1529	105
1529	112
1529	117
1529	120
1530	21
1530	47
1530	49
1530	50
1531	35
1531	37
1531	41
1531	47
1531	50
1531	54
1531	73
1531	76
1531	102
1531	104
1531	107
1531	120
1533	16
1533	28
1533	35
1533	37
1533	47
1533	50
1533	64
1533	66
1533	73
1533	88
1533	102
1533	106
1533	120
1534	105
1535	37
1535	48
1535	74
1536	54
1537	49
1537	54
1537	107
1538	47
1538	74
1539	11
1539	19
1539	37
1539	47
1539	65
1539	74
1539	85
1539	101
1539	107
1539	112
1539	117
1539	120
1540	76
1541	44
1541	47
1541	73
1541	74
1541	85
1541	105
1541	107
1542	28
1542	37
1542	73
1542	117
1543	74
1544	47
1544	73
1545	49
1546	6
1546	11
1546	26
1546	35
1546	47
1546	64
1546	66
1546	73
1546	74
1546	106
1548	31
1548	34
1548	37
1548	40
1548	47
1548	50
1548	54
1548	73
1548	74
1548	102
1548	107
1548	118
1549	37
1549	47
1549	50
1549	97
1549	120
1550	37
1550	49
1551	50
1552	31
1552	35
1552	37
1552	47
1552	49
1552	50
1552	54
1552	66
1552	73
1552	107
1552	118
1553	54
1554	11
1554	19
1554	31
1554	35
1554	37
1554	44
1554	47
1554	65
1554	73
1554	74
1554	105
1554	112
1554	117
1554	120
1555	28
1555	35
1555	37
1555	47
1555	52
1555	73
1555	74
1555	85
1555	91
1555	92
1555	102
1555	106
1555	107
1555	117
1555	119
1555	120
1556	50
1556	54
1556	73
1557	19
1557	26
1557	37
1557	47
1557	54
1557	64
1557	65
1557	73
1557	74
1557	85
1557	102
1557	120
1558	73
1560	37
1560	40
1560	50
1560	74
1560	118
1561	15
1561	47
1561	48
1561	50
1561	74
1563	37
1563	47
1563	50
1563	74
1563	120
1564	37
1564	74
1565	37
1565	44
1565	54
1566	37
1566	49
1566	118
1567	107
1568	24
1568	28
1568	31
1568	35
1568	37
1568	44
1568	50
1568	60
1568	73
1568	74
1568	102
1568	104
1568	105
1569	37
1569	48
1569	66
1569	102
1569	118
1570	47
1570	50
1570	74
1571	18
1571	37
1571	47
1571	49
1571	88
1571	120
1572	15
1572	24
1572	37
1572	43
1572	44
1572	47
1572	48
1572	50
1572	54
1572	60
1572	73
1572	74
1572	102
1573	24
1573	37
1573	44
1573	47
1573	49
1573	50
1573	60
1573	73
1573	74
1573	105
1573	118
1574	11
1574	16
1575	105
1575	112
1575	117
1576	35
1576	37
1576	50
1576	54
1576	59
1576	74
1576	107
1577	47
1578	35
1578	37
1578	47
1578	50
1578	74
1578	118
1579	37
1579	54
1579	74
1579	79
1579	118
1580	76
1581	37
1582	37
1582	104
1582	118
1583	37
1583	54
1583	118
1584	117
1585	50
1586	50
1587	21
1587	37
1587	49
1587	50
1587	74
1587	102
1587	118
1588	21
1588	26
1588	28
1588	35
1588	37
1588	47
1588	49
1588	50
1588	54
1588	73
1588	74
1588	88
1589	37
1589	78
1589	104
1589	107
1589	118
1590	19
1590	31
1590	37
1590	47
1590	48
1590	49
1590	54
1590	65
1590	73
1590	74
1590	78
1590	85
1590	105
1591	50
1592	21
1592	49
1592	50
1592	54
1593	49
1593	54
1593	66
1593	73
1593	74
1594	37
1594	118
1595	35
1595	44
1595	47
1595	73
1595	78
1596	37
1596	118
1597	15
1597	28
1597	35
1597	37
1597	48
1597	73
1597	118
1598	37
1598	47
1598	48
1598	49
1598	50
1598	74
1598	118
1599	28
1599	37
1599	44
1599	47
1599	49
1599	73
1599	74
1599	102
1599	104
1599	105
1599	118
1600	37
1600	54
1600	86
1601	21
1601	28
1601	37
1601	117
1602	6
1602	26
1602	47
1602	64
1602	106
1603	21
1603	49
1604	30
1604	74
1605	105
1606	74
1608	74
1608	105
1609	74
1610	50
1611	50
1612	47
1612	48
1612	50
1612	74
1612	105
1613	37
1614	72
1615	74
1616	47
1616	50
1619	47
1620	47
1620	50
1622	74
1623	50
1625	74
1626	74
1627	54
1627	86
1629	47
1629	50
1630	21
1631	37
1632	47
1634	47
1634	50
1635	28
1635	35
1635	40
1635	47
1635	50
1635	105
1635	117
1635	121
1636	50
1637	28
1637	47
1637	48
1637	50
1637	74
1637	117
1638	28
1638	48
1638	74
1638	105
1638	117
1639	35
1640	48
1641	50
1641	112
1641	117
1642	47
1642	50
1643	15
1643	28
1643	48
1643	74
1643	117
1644	47
1644	50
1644	54
1644	74
1645	48
1645	105
1646	28
1646	48
1646	74
1646	117
1647	50
1648	47
1648	50
1649	21
1650	21
1650	107
1651	28
1651	47
1651	50
1651	74
1651	105
1651	112
1651	117
1652	15
1652	28
1652	74
1652	105
1652	117
1653	28
1653	48
1653	117
1655	73
1656	11
1656	27
1656	37
1656	47
1656	50
1656	73
1656	74
1656	102
1656	112
1656	117
1656	118
1657	47
1657	50
1658	50
1659	105
1660	6
1660	25
1660	37
1660	44
1660	47
1660	50
1660	64
1660	73
1660	74
1660	85
1660	118
1661	21
1661	47
1661	74
1662	47
1662	50
1662	73
1662	74
1663	35
1663	37
1663	47
1663	73
1663	74
1664	47
1664	54
1664	74
1664	86
1665	21
1665	35
1665	50
1665	64
1665	72
1665	73
1667	21
1668	37
1668	50
1668	118
1669	47
1669	50
1670	73
1670	74
1670	112
1670	117
1671	28
1671	37
1671	47
1671	50
1671	74
1671	78
1671	105
1671	117
1672	28
1672	74
1672	117
1673	47
1673	73
1674	37
1674	44
1674	47
1674	50
1674	74
1674	105
1674	118
1675	16
1675	37
1675	50
1675	66
1675	85
1675	102
1675	105
1675	118
1676	54
1677	16
1677	54
1677	73
1677	105
1678	31
1678	37
1678	49
1678	50
1678	54
1678	85
1678	87
1678	106
1678	111
1678	120
1679	37
1679	64
1680	1
1680	35
1680	37
1680	47
1680	50
1680	73
1680	94
1680	104
1681	54
1682	112
1682	117
1683	34
1683	35
1683	37
1683	47
1683	50
1683	74
1683	105
1683	118
1684	37
1684	47
1684	50
1684	105
1684	118
1685	11
1685	18
1685	28
1685	37
1685	54
1685	66
1685	118
1686	50
1686	73
1686	105
1687	37
1687	50
1687	105
1687	118
1688	35
1688	85
1689	11
1689	54
1689	102
1690	50
1690	102
1691	34
1691	35
1691	37
1691	50
1691	73
1691	74
1691	102
1691	105
1691	112
1691	117
1693	37
1694	37
1694	47
1694	102
1694	105
1694	118
1695	28
1695	35
1695	37
1695	47
1695	50
1695	74
1695	105
1695	117
1696	50
1697	19
1697	28
1697	34
1697	35
1697	37
1697	44
1697	47
1697	48
1697	50
1697	64
1697	73
1697	74
1697	94
1697	100
1697	102
1697	104
1697	105
1697	107
1697	117
1697	118
1698	35
1698	37
1698	73
1698	95
1698	102
1698	118
1699	74
1699	107
1700	102
1701	6
1701	26
1701	47
1701	64
1701	106
1701	112
1701	117
1702	37
1702	50
1702	54
1702	63
1702	74
1702	112
1702	117
1703	6
1703	26
1703	47
1703	54
1703	64
1703	74
1703	106
1704	6
1704	26
1704	47
1704	48
1704	64
1704	106
1706	48
1706	102
1706	112
1706	117
1707	37
1707	47
1707	50
1707	64
1707	73
1707	85
1707	102
1707	105
1707	118
1708	50
1709	6
1709	26
1709	35
1709	40
1709	47
1709	49
1709	64
1709	106
1709	121
1711	16
1711	73
1712	85
1713	74
1714	47
1714	50
1716	37
1716	47
1716	49
1716	50
1716	54
1716	104
1717	74
1718	28
1718	47
1718	50
1718	74
1718	105
1718	117
1719	74
1720	35
1721	35
1721	47
1721	50
1721	74
1721	85
1721	97
1721	105
1721	112
1721	117
1722	47
1722	78
1723	35
1724	28
1724	48
1724	117
1725	35
1725	85
1726	49
1727	85
1728	35
1729	74
1730	28
1730	48
1730	74
1730	117
1731	35
1733	1
1733	47
1733	50
1733	54
1733	64
1733	74
1733	105
1733	117
1734	21
1735	21
1735	28
1735	48
1735	49
1735	74
1735	117
1736	21
1737	47
1737	48
1737	50
1738	37
1738	74
1738	118
1739	64
1740	74
1741	54
1742	47
1742	50
1743	50
1744	102
1745	54
1746	37
1746	44
1746	72
1746	74
1746	120
1746	121
1747	37
1747	74
1748	37
1749	47
1749	49
1749	50
1750	47
1750	48
1750	50
1751	35
1751	37
1751	50
1751	73
1751	118
1752	21
1752	50
1753	50
1754	37
1754	47
1754	50
1754	97
1754	118
1755	1
1755	35
1755	47
1755	50
1755	106
1756	50
1756	74
1756	102
1757	48
1757	74
1757	105
1758	1
1758	47
1758	50
1758	73
1758	106
1759	1
1759	37
1759	50
1759	74
1759	106
1759	107
1759	118
1760	37
1760	118
1761	37
1761	54
1761	118
1762	11
1762	34
1762	44
1762	49
1762	73
1762	105
1762	112
1762	117
1763	11
1763	50
1763	69
1763	105
1763	112
1763	117
1765	35
1765	37
1765	40
1765	47
1765	49
1765	50
1765	72
1765	73
1765	74
1765	105
1765	121
1766	16
1766	49
1766	73
1767	21
1767	74
1767	102
1768	21
1769	21
1769	37
1769	73
1769	118
1770	11
1770	74
1771	37
1771	40
1771	47
1771	50
1771	64
1772	37
1772	41
1772	74
1773	50
1773	78
1775	37
1775	47
1775	50
1775	54
1775	74
1776	37
1776	47
1776	50
1776	74
1776	97
1777	47
1777	50
1777	72
1778	41
1778	47
1778	50
1779	47
1779	50
1779	112
1779	117
1780	47
1780	50
1781	16
1781	21
1781	28
1781	37
1781	73
1781	97
1781	102
1781	117
1782	21
1783	21
1783	35
1783	73
1784	73
1785	16
1785	21
1785	28
1785	37
1785	72
1785	73
1785	97
1785	117
1786	31
1786	73
1786	87
1786	120
1787	54
1788	50
1789	48
1789	105
1790	72
1791	74
1792	85
1793	44
1794	50
1795	48
1796	21
1797	28
1797	50
1798	21
1799	21
1800	28
1800	47
1800	50
1800	74
1800	105
1800	117
1801	47
1801	50
1802	28
1802	48
1802	74
1802	117
1803	72
1804	105
1805	41
1805	47
1805	50
1805	74
1805	117
1806	21
1806	28
1806	73
1806	117
1807	21
1808	21
1808	37
1808	117
1808	118
1809	16
1809	21
1809	73
1809	74
1810	37
1810	73
1810	118
1811	16
1811	47
1811	50
1811	73
1811	74
1812	31
1812	37
1812	47
1812	48
1812	50
1813	37
1813	47
1813	49
1813	50
1813	73
1813	74
1813	105
1814	35
1814	40
1814	41
1814	102
1814	107
1814	121
1815	21
1815	28
1815	47
1815	50
1815	117
1815	120
1816	21
1816	28
1816	35
1816	37
1816	44
1816	47
1816	48
1816	50
1816	102
1816	105
1817	37
1817	47
1817	50
1817	73
1817	85
1817	105
1817	118
1817	120
1818	47
1818	50
1818	78
1818	102
1819	11
1819	47
1819	50
1819	74
1820	37
1821	47
1823	47
1823	50
1824	35
1824	37
1824	40
1824	47
1824	50
1825	54
1825	74
1825	107
1826	47
1826	50
1828	74
1829	76
1830	54
1831	37
1832	74
1833	6
1833	26
1833	47
1833	50
1833	64
1833	105
1833	106
1834	74
1834	117
1835	35
1835	37
1835	47
1835	50
1835	74
1836	54
1836	86
1837	47
1837	50
1837	112
1837	117
1838	47
1838	50
1838	74
1840	1
1840	35
1840	37
1840	47
1840	50
1840	73
1840	74
1840	105
1840	112
1840	117
1840	118
1841	54
1842	37
1842	74
1843	74
1844	35
1844	73
1844	121
1845	54
1846	50
1848	54
1849	37
1850	35
1850	37
1850	118
1851	105
1852	50
1853	78
1854	11
1856	16
1856	28
1856	76
1856	117
1857	37
1857	48
1858	48
1860	50
1861	48
1861	74
1863	50
1863	73
1863	74
1863	102
1863	112
1863	117
1864	28
1864	50
1864	105
1864	117
1865	37
1866	74
1866	76
1867	107
1868	35
1868	44
1868	47
1868	50
1870	28
1870	37
1870	44
1870	104
1870	117
1870	120
1871	74
1873	72
1874	6
1874	26
1874	47
1874	48
1874	64
1874	106
1875	35
1876	74
1876	105
1877	74
1878	74
1879	40
1879	112
1879	117
1880	48
1880	50
1881	74
1882	28
1882	105
1882	117
1883	47
1884	47
1884	50
1884	107
1885	50
1886	50
1887	48
1887	105
1889	47
1889	50
1890	47
1890	50
1891	28
1891	47
1891	48
1891	50
1891	117
1892	28
1892	47
1892	50
1892	74
1892	105
1892	117
1893	74
1893	76
1894	85
1895	47
1895	50
1896	47
1896	50
1896	107
1897	48
1898	37
1898	118
1899	50
1900	47
1900	50
1900	74
1901	28
1901	47
1901	49
1901	50
1901	74
1901	112
1901	117
1902	28
1902	74
1902	105
1902	117
1903	44
1904	28
1904	37
1904	41
1904	47
1904	48
1904	50
1904	74
1904	112
1904	117
1905	47
1905	48
1905	50
1905	74
1906	28
1906	47
1906	48
1906	50
1906	117
1907	28
1907	48
1907	74
1907	117
1908	21
1908	47
1908	50
1908	77
1908	105
1909	21
1909	47
1909	73
1909	77
1910	21
1910	73
1910	77
1911	35
1912	28
1912	48
1912	73
1912	117
1913	48
1913	105
1914	28
1914	47
1914	48
1914	50
1914	74
1914	112
1914	117
1915	21
1916	21
1916	24
1916	37
1916	44
1916	47
1916	50
1916	74
1916	105
1916	118
1916	120
1916	121
1917	21
1917	37
1917	44
1917	74
1917	120
1917	121
1918	107
1920	28
1920	35
1920	47
1920	48
1920	50
1920	112
1920	117
1921	6
1921	26
1921	35
1921	37
1921	47
1921	52
1921	64
1921	74
1921	105
1921	106
1921	118
1921	119
1922	1
1922	16
1922	35
1922	50
1922	107
1923	47
1923	49
1923	50
1926	47
1926	50
1926	73
1926	74
1927	28
1927	47
1927	48
1927	50
1927	74
1927	105
1927	117
1928	48
1928	105
1929	47
1929	50
1930	37
1931	48
1932	31
1932	35
1932	37
1932	47
1932	50
1932	66
1932	102
1932	104
1932	107
1932	118
1933	47
1933	50
1933	73
1933	102
1933	105
1934	35
1934	37
1934	47
1934	64
1934	118
1935	73
1936	28
1936	48
1936	117
1937	50
1937	74
1938	35
1938	50
1939	54
1940	50
1941	105
1942	28
1942	48
1942	117
1943	50
1944	28
1944	48
1944	74
1944	117
1945	47
1946	74
1948	78
1949	21
1949	107
1950	107
1952	105
1953	28
1953	74
1953	105
1953	117
1955	47
1955	50
1955	74
1956	21
1958	74
1959	28
1959	47
1959	50
1959	74
1959	105
1959	117
1960	47
1960	50
1961	21
1961	37
1961	44
1961	74
1961	120
1961	121
1962	74
1963	6
1963	26
1963	47
1963	64
1963	106
1964	48
1964	72
1964	105
1966	21
1966	50
1967	48
1967	74
1968	47
1968	50
1969	28
1969	105
1969	117
1970	48
1971	48
1971	73
1972	48
1972	74
1974	21
1974	37
1975	50
1976	37
1976	74
1976	120
1977	50
1978	74
1979	28
1979	48
1979	73
1979	117
1980	50
1981	105
1982	47
1982	50
1983	50
1984	21
1985	35
1985	74
1986	27
1986	50
1987	28
1987	47
1987	48
1987	50
1987	74
1987	117
1988	74
1989	48
1989	74
1989	107
1990	105
1991	50
1992	47
1993	74
1994	6
1994	26
1994	47
1994	64
1994	106
1995	37
1995	48
1995	76
1995	105
1996	28
1996	73
1996	74
1996	105
1996	117
1997	28
1997	47
1997	50
1997	117
1998	28
1998	48
1998	49
1998	117
1999	50
2000	28
2000	48
2000	74
2000	117
2001	35
2003	48
2003	74
2004	35
2005	28
2005	47
2005	50
2005	105
2005	117
2006	6
2006	26
2006	47
2006	64
2006	106
2007	28
2007	48
2007	74
2007	117
2008	28
2008	48
2008	117
2009	6
2009	26
2009	47
2009	64
2009	106
2010	76
2011	48
2014	74
2015	28
2015	117
2016	48
2016	107
2017	35
2017	47
2018	35
2019	47
2019	48
2020	74
2021	48
2022	50
2023	112
2023	117
2024	37
2025	37
2026	21
2027	35
2027	48
2028	37
2028	44
2028	47
2028	50
2028	54
2028	73
2028	74
2028	102
2028	104
2028	120
2028	121
2029	37
2029	44
2029	47
2029	74
2029	104
2029	120
2029	121
2030	50
2030	104
2030	120
2031	21
2031	97
2032	16
2032	21
2032	37
2032	47
2032	64
2033	21
2033	24
2034	28
2034	37
2034	44
2034	47
2034	48
2034	49
2034	50
2034	74
2034	78
2034	105
2034	107
2034	120
2034	121
2035	97
2036	21
2036	28
2036	37
2036	47
2036	49
2036	50
2036	73
2036	117
2037	107
2038	31
2038	37
2039	74
2040	35
2040	37
2040	48
2040	49
2040	73
2040	74
2040	105
2041	48
2042	74
2042	85
2043	54
2044	37
2044	47
2044	50
2044	118
2047	74
2048	37
2048	71
2049	21
2049	37
2049	50
2049	73
2049	74
2049	102
2049	105
2049	120
2050	21
2051	37
2051	118
2052	35
2053	11
2053	28
2053	37
2053	48
2053	49
2053	74
2053	107
2053	117
2053	118
2054	48
2055	74
2056	37
2056	66
2056	102
2056	118
2057	35
2057	37
2057	78
2058	73
2059	21
2060	28
2060	117
2061	37
2062	21
2064	74
2066	74
2067	21
2068	35
2068	107
2069	47
2069	50
2069	102
2070	50
2071	47
2071	50
2072	35
2072	105
2073	37
2073	44
2073	47
2073	50
2073	74
2073	78
2073	120
2074	35
2074	102
2075	21
2075	37
2075	48
2075	50
2075	78
2075	107
2075	118
2076	21
2076	41
2076	49
2077	21
2077	28
2077	47
2077	50
2077	73
2077	107
2077	117
2078	74
2079	28
2079	73
2079	117
2080	11
2080	28
2080	37
2080	47
2080	49
2080	64
2080	118
2081	28
2081	47
2081	117
2082	1
2083	35
2083	37
2083	54
2083	86
2084	28
2084	37
2084	117
2085	28
2085	117
2086	28
2086	37
2086	47
2086	112
2086	117
2086	118
2087	28
2087	117
2088	107
2089	107
2090	6
2090	26
2090	47
2090	50
2090	64
2090	106
2091	37
2091	47
2091	120
2092	28
2093	49
2094	37
2095	50
2095	64
2096	64
2097	64
2098	15
2098	28
2098	44
2098	74
2098	107
2098	117
2099	112
2099	117
2100	37
2100	112
2100	117
2101	37
2101	117
2101	118
2102	112
2102	117
2103	28
2103	55
2103	117
2104	74
2105	105
2107	37
2107	50
2107	64
2107	118
2108	37
2108	50
2108	118
2109	37
2109	105
2109	118
2109	121
2110	72
2111	28
2111	72
2111	117
2113	105
2113	112
2113	117
2114	105
2115	47
2117	112
2117	117
2118	28
2118	54
2118	105
2118	121
2119	50
2119	105
2119	121
2120	47
2121	6
2121	26
2121	47
2121	64
2121	106
2122	47
2122	50
2123	74
2124	35
2124	105
2125	121
2126	37
2126	118
2126	121
2127	105
2127	121
2128	54
2129	50
2129	54
2129	105
2130	105
2131	47
2131	121
2132	37
2132	47
2132	72
2132	112
2132	117
2132	118
2133	37
2133	105
2133	118
2134	37
2134	118
2135	54
2136	37
2136	118
2137	47
2138	54
2140	37
2140	74
2140	118
2141	37
2141	74
2141	105
2141	118
2142	105
2143	21
2143	66
2143	74
2143	105
2144	121
2145	31
2145	37
2146	121
2148	50
2148	54
2149	37
2149	118
2151	50
2152	34
2152	37
2152	47
2152	50
2152	54
2152	118
2152	120
2153	21
2154	37
2154	118
2155	73
2156	37
2156	118
2157	21
2157	35
2157	37
2157	44
2157	74
2157	105
2157	120
2157	121
2158	21
2158	28
2158	37
2158	44
2158	74
2158	105
2158	117
2158	120
2158	121
2159	21
2159	47
2159	73
2159	85
2159	97
2160	112
2160	117
2161	37
2161	50
2161	118
2162	21
2163	37
2163	102
2163	118
2164	72
2165	49
2166	37
2167	49
2167	50
2168	54
2169	66
2169	102
2170	107
2171	37
2171	54
2172	21
2173	112
2173	117
2174	37
2175	73
2176	48
2176	54
2176	86
2177	50
2178	73
2178	105
2179	47
2180	47
2181	47
2182	47
2182	50
2183	21
2183	26
2183	34
2183	37
2183	50
2183	102
2183	105
2184	107
2185	102
2186	37
2187	37
2187	118
2188	37
2189	37
2190	73
2191	50
2193	6
2193	26
2193	47
2193	64
2193	106
2194	73
2196	37
2196	118
2197	47
2197	49
2197	74
2198	37
2198	118
2199	21
2200	37
2200	118
2202	37
2203	54
2204	37
2204	118
2205	28
2205	35
2205	48
2205	74
2205	117
2206	107
2207	35
2207	37
2207	40
2207	47
2207	74
2207	102
2208	37
2208	66
2209	47
2209	104
2209	105
2209	112
2209	117
2210	50
2211	37
2211	73
2211	118
2212	37
2212	44
2212	47
2212	74
2212	120
2212	121
2213	37
2213	118
2214	28
2214	74
2214	117
2215	50
2215	74
2216	105
2216	112
2216	117
2217	112
2217	117
2218	48
2219	37
2219	48
2219	102
2219	105
2219	112
2219	117
2219	118
2219	121
2220	54
2220	104
2222	21
2222	37
2222	47
2222	50
2222	66
2222	72
2222	73
2222	104
2223	21
2223	54
2223	73
2223	121
2224	35
2224	37
2224	74
2224	109
2224	118
2224	121
2225	37
2225	47
2225	118
2226	37
2226	118
2227	50
2228	37
2228	44
2228	54
2228	74
2228	118
2228	120
2228	121
2229	21
2229	37
2229	44
2229	74
2229	120
2229	121
2230	37
2230	44
2230	50
2230	74
2230	120
2230	121
2231	31
2231	35
2231	37
2231	44
2231	47
2231	50
2231	74
2231	117
2231	118
2231	120
2231	121
2232	37
2232	73
2232	74
2232	118
2233	37
2233	47
2233	118
2234	47
2234	50
2235	37
2235	118
2236	37
2236	64
2236	73
2236	74
2237	112
2237	117
2238	21
2238	37
2238	50
2239	35
2239	74
2239	105
2239	112
2239	117
2240	107
2241	37
2241	73
2241	118
2242	28
2242	48
2242	50
2242	74
2242	117
2244	21
2245	37
2245	47
2245	118
2246	37
2246	118
2249	28
2249	117
2250	104
2251	37
2252	50
2252	120
2253	28
2253	117
2254	74
2255	73
2256	117
2257	47
2258	112
2258	117
2259	74
2260	28
2260	117
2261	50
2262	37
2262	73
2262	118
2263	28
2263	74
2263	117
2264	74
2265	50
2266	47
2266	50
2267	37
2267	44
2267	47
2267	64
2267	108
2267	120
2268	47
2268	48
2269	102
2270	74
2271	112
2271	117
2272	31
2272	47
2272	73
2273	73
2273	112
2273	117
2274	50
2275	37
2276	28
2276	47
2276	74
2277	47
2277	50
2278	47
2278	50
2278	73
2279	28
2279	47
2279	78
2279	102
2279	105
2279	112
2279	117
2280	28
2280	104
2280	105
2280	117
2281	37
2281	44
2281	74
2281	120
2281	121
2282	31
2282	37
2282	47
2282	50
2282	78
2282	87
2282	118
2282	120
2283	50
2283	54
2283	78
2283	86
2283	105
2283	117
2284	16
2284	48
2284	54
2284	107
2284	109
2285	73
2285	74
2285	112
2285	117
2286	50
2287	37
2287	118
2288	54
2288	104
2288	105
2289	37
2289	48
2289	74
2289	110
2289	112
2289	117
2290	6
2290	15
2290	26
2290	47
2290	48
2290	64
2290	73
2290	74
2290	106
2290	120
2291	37
2291	118
2292	66
2292	74
2292	112
2292	117
2293	41
2293	50
2294	28
2294	37
2294	44
2294	47
2294	74
2294	117
2294	120
2294	121
2295	54
2295	105
2296	47
2296	104
2297	37
2297	50
2297	118
2299	50
2299	74
2300	37
2300	112
2300	117
2300	118
2301	35
2302	54
2303	6
2303	26
2303	47
2303	64
2303	106
2305	37
2305	118
2307	21
2308	72
2309	107
2311	102
2312	37
2312	95
2312	118
2313	35
2313	72
2314	21
2314	73
2315	16
2315	37
2316	37
2316	112
2316	117
2316	118
2317	73
2318	47
2318	49
2318	50
2320	35
2321	21
2322	37
2322	47
2322	49
2322	50
2322	54
2322	73
2322	85
2322	118
2323	73
2324	37
2324	44
2324	118
2325	26
2325	28
2325	35
2325	47
2325	48
2325	50
2325	74
2325	117
2326	112
2326	117
2327	47
2327	48
2327	54
2327	73
2327	102
2328	16
2328	26
2328	37
2329	21
2330	47
2330	50
2330	112
2330	117
2331	107
2332	50
2332	54
2332	105
2333	35
2333	47
2333	50
2333	66
2333	78
2333	105
2333	107
2334	74
2334	107
2335	28
2335	74
2335	117
2336	21
2337	28
2337	117
2339	28
2339	117
2342	28
2342	117
2343	21
2344	21
2345	50
2346	28
2346	117
2348	107
2349	49
2350	73
2351	37
2351	44
2351	47
2351	50
2351	74
2351	76
2351	120
2351	121
2352	28
2352	37
2352	44
2352	47
2352	50
2352	54
2352	73
2352	74
2352	117
2352	120
2352	121
2353	28
2353	117
2355	21
2356	21
2357	21
2358	74
2361	21
2362	28
2362	117
2363	28
2363	117
2364	74
2365	74
2366	21
2367	21
2368	74
2370	47
2371	73
2371	74
2373	40
2374	74
2375	28
2375	74
2375	117
2376	21
2378	47
2379	107
2380	28
2380	74
2380	117
2381	28
2381	117
2382	28
2382	73
2382	74
2382	117
2383	28
2383	73
2383	117
2384	28
2384	74
2384	117
2385	47
2389	28
2389	117
2390	28
2390	117
2392	28
2392	74
2392	117
2393	28
2393	74
2393	117
2394	28
2394	117
2395	28
2395	74
2395	117
2397	49
2398	21
2400	74
2401	28
2401	74
2401	117
2402	21
2403	21
2404	28
2404	117
2405	28
2405	117
2406	21
2407	21
2408	21
2411	28
2411	74
2411	117
2414	21
2415	28
2415	117
2416	28
2416	74
2416	117
2419	74
2421	35
2422	21
2424	50
2425	50
2425	74
2426	47
2428	107
2429	37
2429	50
2429	102
2429	118
2430	35
2430	47
2430	49
2430	50
2430	73
2430	74
2430	105
2431	28
2431	50
2431	117
2432	74
2433	35
2433	73
2434	28
2434	117
2435	74
2436	28
2436	117
2437	74
2439	74
2441	74
2442	47
2442	50
2442	54
2442	74
2443	50
2444	40
2444	49
2444	50
2444	73
2444	105
2444	121
2445	21
2445	37
2445	118
2446	37
2446	50
2446	72
2446	105
2446	118
2447	54
2447	112
2447	117
2448	15
2448	28
2448	47
2448	48
2448	49
2448	50
2448	74
2448	117
2449	37
2450	37
2450	50
2450	73
2450	118
2451	37
2451	47
2451	49
2451	50
2451	54
2451	86
2451	107
2451	120
2452	35
2453	21
2453	28
2453	35
2453	112
2453	117
2454	50
2454	64
2455	50
2455	72
2455	74
2456	64
2457	28
2457	41
2457	74
2457	117
2458	35
2458	121
2459	21
2460	107
2461	107
2462	37
2462	74
2463	28
2463	117
2464	50
2465	28
2465	117
2466	21
2467	21
2467	74
2468	21
2468	28
2468	47
2468	50
2468	54
2468	102
2468	112
2468	117
2469	37
2470	21
2471	73
2472	37
2472	47
2472	54
2472	105
2472	120
2473	48
2473	74
2474	104
2475	21
2475	47
2475	48
2475	50
2476	37
2476	104
2476	118
2477	21
2477	73
2478	21
2478	105
2479	37
2480	37
2480	73
2481	44
2481	54
2481	104
2482	31
2482	34
2482	37
2482	44
2482	50
2482	54
2482	74
2482	87
2482	104
2482	105
2482	107
2482	112
2482	117
2482	120
2483	37
2483	74
2484	50
2485	37
2485	74
2486	37
2487	73
2488	19
2489	31
2489	33
2489	34
2489	37
2489	47
2489	49
2489	73
2489	89
2489	105
2489	112
2489	117
2489	118
2490	15
2490	21
2490	37
2490	44
2490	47
2490	50
2490	74
2490	102
2490	120
2490	121
2491	73
2491	74
2492	50
2493	28
2493	31
2493	37
2493	49
2493	50
2493	73
2493	74
2493	102
2493	107
2493	118
2493	120
2494	37
2494	74
2495	37
2495	50
2496	28
2496	37
2496	48
2496	74
2496	105
2496	117
2497	73
2498	54
2499	28
2499	73
2499	74
2499	117
2500	15
2500	73
2500	105
2501	47
2501	50
2501	105
2502	47
2502	105
2503	50
2504	104
2506	21
2506	37
2506	44
2506	49
2506	74
2506	120
2506	121
2507	35
2508	37
2508	47
2508	48
2508	50
2508	73
2508	74
2508	85
2508	102
2508	105
2508	112
2508	117
2508	118
2509	1
2509	16
2509	34
2509	37
2509	47
2509	50
2509	66
2509	74
2509	102
2509	105
2510	48
2511	24
2511	31
2511	35
2511	37
2511	47
2511	48
2511	49
2511	50
2511	60
2511	73
2511	74
2511	85
2511	87
2511	102
2511	118
2511	120
2512	50
2512	105
2513	11
2513	24
2513	26
2513	35
2513	37
2513	50
2513	60
2513	73
2513	74
2513	105
2514	102
2515	47
2515	73
2517	50
2518	50
2519	41
2519	49
2520	41
2520	49
2521	102
2522	102
2523	102
2524	37
2525	37
2526	102
2527	102
2528	102
2529	102
2530	102
2531	37
2532	102
2533	102
2534	102
2535	102
2536	102
2537	102
2538	102
2539	102
2540	102
2541	102
2542	37
2543	37
2544	102
2545	37
2546	47
2546	73
2547	102
2548	102
2549	102
2550	102
2551	47
2551	73
2552	102
2553	102
2554	102
2555	47
2555	73
2555	102
2556	102
2557	102
2558	102
2559	102
2560	102
2561	50
2562	102
2563	102
2564	102
2565	102
2566	102
2567	37
2568	37
2569	102
2570	102
2571	102
2572	37
2573	102
2574	102
2575	102
2576	102
2577	102
2578	102
2579	41
2579	49
2579	102
2580	102
2581	37
2582	102
2583	102
2584	102
2585	102
2586	102
2587	102
2588	102
2589	102
2590	102
2591	102
2592	102
2593	37
2594	37
2595	102
2596	102
2597	102
2598	102
2599	102
2600	102
2601	102
2602	102
2603	37
2604	102
2605	102
2606	102
2607	102
2608	102
2609	102
2610	102
2611	102
2612	102
2613	47
2613	73
2614	102
2615	102
2616	102
2617	102
2618	102
2619	102
2621	41
2621	49
2622	41
2622	49
2623	102
2624	102
2625	102
2626	102
2627	37
2628	102
2629	102
2630	102
2631	102
2632	102
2633	37
2634	102
2635	102
2636	102
2637	102
2638	102
2639	102
2640	102
2641	102
2642	102
2643	102
2644	102
2645	102
2646	102
2647	102
2648	102
2649	102
2650	41
2650	49
2651	102
2654	37
2654	64
2655	64
2662	39
2663	72
2664	37
2664	50
2664	74
2669	54
2670	37
2670	64
2673	54
2676	39
2679	74
2700	37
2706	54
2713	37
2719	54
2722	72
2727	37
2728	72
2729	37
2731	54
2746	37
2750	107
2751	107
2755	37
2761	15
2762	107
2770	107
2773	35
2782	37
2782	64
2785	37
2785	64
2793	54
2805	72
2810	37
2810	64
2823	37
2826	54
2840	72
2855	37
2856	15
2856	37
2869	107
2880	37
2880	64
2883	54
2885	106
2901	74
2926	106
2927	54
2964	54
2975	39
2994	54
3012	54
3018	107
3019	37
3023	54
3040	54
3070	54
3096	74
3114	54
3140	106
3141	106
3179	72
3191	37
3191	64
3192	37
3192	64
3202	54
3214	37
3217	37
3237	76
3238	37
3239	54
3249	107
3250	107
3261	107
3263	120
3271	107
3273	44
3275	49
3276	74
3277	41
3278	44
3279	74
3280	74
3281	37
3281	47
3281	49
3282	62
3284	47
3285	40
3286	43
3287	37
3287	44
3288	104
3289	74
3290	73
3291	59
3291	115
3293	67
3294	50
3295	50
3296	50
3297	50
3298	50
3299	50
3300	50
3301	50
3302	50
3303	50
3304	50
3305	50
3306	50
3307	50
3308	50
3309	50
3310	50
3311	50
3312	50
3313	50
3314	50
3315	50
3316	37
3317	73
3318	47
3319	67
3320	9
3321	115
3323	37
